6279138540
8620314975
7953260841
4678213590
4132907685
3520846791
7219043568
7296581043
2103495867
1480692735
0538146972
6538174092
7498302156
4518270369
5892017643
6709148235
3912840756
3167028495
8503429761
7485906213
1086279534
4895672301
5628390417
5370246918
6352704891
1386952074
3804275691
5461803297
4206178395
6075394821
3045792168
8935046217
2908715643
6845730192
8953670214
0215376984
7243605918
0639541827
7216084395
7523098164
2147895036
6308452719
3174682905
8649231507
0489167523
9124863570
8945367012
1802673945
6791850234
5621940378
8390647125
4619702358
4396175820
2530714986
4610372985
1473598260
3819740652
9148753620
0416852397
4859012736
5607132498
8750942316
5178243690
3620514978
8427615039
8106372594
3760185492
1638290745
6384270591
2570916438
6285931470
1829457630
0938274651
6238954107
1529308647
3294708156
0659248173
8523176940
5789021634
2906715843
0189264735
2589647031
1897542036
4096172583
3816297504
9724856031
8732690154
9107845362
9701648352
1564078932
3496721058
9146273580
4102376598
6502341798
3721065894
4637089512
6734085219
3941825607
7648915203
9523140678
