4192038756
7613845209
3514792680
4280351796
1257034698
1523690874
9780264351
4356290718
1825960347
5283479061
0216359478
5684971032
0862917354
9320154786
5914632780
4603917582
1078293564
9614853702
8092731564
8143206759
7162385904
1893627504
0589472361
5246810739
2150874396
3271485960
2467389510
4579162038
4569820371
8715936402
1325789460
1879302564
8290561437
3952760814
6215307489
7341890625
4193582760
5637124980
0764528931
7149836205
6420379518
5682104793
1560879324
9461320587
5382967041
3197540286
4792013856
8597013462
4268073591
3467102859
8753061429
0715386924
2910758463
6537814209
3895024671
0478265193
6231958704
6132570489
5341697820
9360547812
7503461298
4627103958
6012843759
2401537869
6184735209
2356784190
4938172506
1672894350
8507126439
2659487301
1860295473
9730426815
3056914728
4572019863
6021795384
9647253180
6501279834
9327056814
4769325801
0783954216
2548069137
0815639724
2734850169
5103276849
7698124350
4967230851
2475861093
5320748961
5697402813
6247185093
3967450128
2476310598
9140265738
3189705426
5892146703
5780234916
7512834960
9216037548
7412089635
1342965708
