2057316948
4137896520
7519384206
4632870195
4369857201
6970135482
7934625810
8942305176
2647981350
6573492180
5603129784
4798560321
9612853470
5120647389
5648207931
3974520186
7038692451
4170365298
4659720831
6543107892
0139782645
6731054298
8745193620
1965472803
5836749021
8375926041
5089764321
2861739450
9263450187
3689071425
8061257394
2513769048
5928160374
7204819635
8792053641
7324896105
1793284605
7801924356
7206394581
9730612854
7015268394
4789062351
0532761849
3468259017
1859342670
9012346875
9162548730
2369507184
4257160893
3819046572
1452706938
9174058623
8639751420
9086347152
7360924581
9432867051
5970314682
5137964082
9150387642
5340986127
7945312608
1649387502
0685729413
9537286041
8079154236
4538097126
0462753189
6925801473
3186927450
5049831276
4281679305
7968021435
4103598267
6709832415
3729504861
9450236871
7651894203
3281046975
2409761583
1896724035
2548160793
7956104283
5719468032
9170583462
6321905847
6394851072
9613782450
9564712308
0571938462
2097814536
3420758619
1843925760
6851479320
5269873401
5623819704
6831057249
9218765340
1809276534
9560148327
5810937264
