4029735618
7145238096
7890546123
1402956783
8237946501
2365104978
2357896104
4680973215
8379452601
3498670251
1754293086
9276850341
5931786420
6079854132
7091485263
5647903812
6514207839
6148903752
6785423901
0938127546
4613809725
7581960324
0361759248
0287945631
7521836940
3526897410
0649715283
0365782149
0124678593
2516893407
4019283567
6918543072
6475230189
6319057248
3021759684
6182043975
6518709324
5860293417
2569437810
1653729840
9573482610
7508432961
5287190436
6539084712
0486297315
5074931862
9830675142
9578124306
6543079821
0658279143
3679254801
5236791480
3056781429
4826905713
7841369502
1837469052
3594017826
5073269148
2718390546
5169034827
3972184650
7380491652
6482357109
9653740218
5694038172
7539410862
1673249085
5764928031
6901238574
1526483079
6359248071
3108645279
5049762381
5206971483
5231694870
9132847065
2178064539
8617239540
2709516348
0796852134
1048957236
5716482930
4295178360
4276310958
1279865043
9357140286
8612394570
8154679032
2968750413
5103948726
8397460215
7063248195
4678012935
7061345298
4785360219
9026847513
8431925706
6934701258
1276403589
5904371628
