0865729413
2835017649
7586340219
7203586491
4527639810
8349615072
9530241678
0796315248
8962153074
7328416095
8245739601
1583027496
0674913258
4905823671
2937015864
9401568273
4671859023
6134792850
7319826054
6143875029
2789106534
7642918053
6107325849
5489167023
5897421630
9130784625
2845369107
3650714982
3516974208
1372945068
0391286754
7125089643
6593042718
4621758903
9514830726
8134570629
3045127986
3208971465
7130629584
0523978641
0532684179
4621973058
6190534827
5146082739
2469031578
1596248073
5064178239
5468791302
3271854096
6470132598
4253906871
8102357694
3285190674
7920416358
5764230819
7619054283
5206879431
4986235170
4157893620
8710423965
2170965834
7359260184
3250496187
5630148279
2817309654
8045932671
2178036594
1495260378
1483567209
1765984302
5387940612
5028973146
0617829345
0374159286
1873942056
5918437206
4715392806
1382597640
1705328946
5974206318
5917386042
6081492753
5613920748
7864931052
4721309865
9250164378
8510376924
6380472951
2705683149
2369701584
1573069842
1350894762
6379825401
6420817935
9684307152
0349728615
8624501739
1897245063
8947351602
1067423598
