0674218359
7864312095
0731689524
9802371546
8076319542
5847906213
3706295184
1758260934
2147358096
4569082731
4623057891
5023794618
1489207365
7103648259
6182579043
4239165087
5792318046
6731845902
8154936027
4650317829
2468703195
3516802794
0243519768
7093854261
6179853402
1805974263
9138472065
7094815236
6170854392
1394506728
2137685940
1865093742
0236154789
8370215946
0352681947
2431908675
2590386714
9042156837
5496237180
3026417589
3064987251
5946713028
5831762904
7138259406
6972015438
4732659018
9357248601
1492350786
1437820965
3768205149
3640518279
2649510378
0931785246
7381062954
7865109432
6490217538
2570948631
1082796543
9712568043
7840631259
1230845679
0487361529
8356714902
6173054298
2601785493
8954712630
5237684109
6853017942
0679142853
7468592310
2087359614
4907253861
9421567308
1053689274
8152739046
3489276501
2357689041
6452310987
2439865170
0735642891
0738142956
9314628057
2458106739
2361809457
9653271804
7234901865
7293451608
5079342618
7390546182
0618934725
4390865271
7094613528
5891204673
7306289451
3670294518
1380295764
0879536241
6148203957
8403976251
4653089172
