5106782493
4380562197
0419786352
2569017834
7413085926
7820596143
8456092137
9452876130
6538147209
6457283109
0349582176
1578032964
8475932601
5674821903
3210689754
0765481392
8452917063
2843165907
7104926853
2143690857
0218745369
7123068945
9260841357
8496015732
2875419603
2961345807
7241650389
7412396580
3104827965
9736140528
3289761045
7248160953
5724069813
0512468739
9607825341
9231057684
9538706142
4608179253
0465792813
8342657019
7419285063
4590871362
7469150823
3894017265
3279105486
2543980167
4653281097
2109468573
9370425681
3790564812
4205173689
8320941675
7328560194
9314068572
1382095647
0679132854
1093276845
3402917856
2390465178
9074832615
7460591283
4057219386
9510276834
4385612097
0748563219
9038614275
1358079246
0287169453
4386107925
2735819046
2574198036
0219365487
8647539120
2860517934
8704293651
6347259018
9081257643
7680542913
7809421635
5806173429
6312847059
5416792803
1827903654
6329471805
1095376824
4780531926
9380671452
6917405328
5237416098
1273049658
1273850496
6871025439
4916532780
1352784069
6708413259
8523961047
6178493025
6270143958
8046712935
3264590781
