3257081964
1682079453
1859376024
6095837421
9284375106
4378506291
1935847026
1549603827
4897653210
9573462810
4180657329
2804953176
6927045318
2538167490
6148253709
9015874263
6350192874
4270536819
5093761842
0259768431
0524867391
3982104675
6372104895
5084326197
4187960352
8931204675
2460978513
8720439651
0172358694
5849260713
8053462917
2750369184
7831406952
6942350871
2571384906
2480379651
4859631207
5678231094
0138549267
9517384260
3925816074
2680954713
5762184039
3987562014
1803295674
2065148739
9572816043
4263017598
3194275680
9420681357
5807426193
0921658743
7306492851
5064387921
1708963452
1248739056
6945081237
3092786451
2184536907
1653297084
2431056789
8792651340
5029784631
1043572689
6347192580
0147692358
9785632140
5194627380
3918725460
6370428915
7618935420
6573981024
6731089524
2453870916
3714290685
7236498051
5349780621
8709264513
0598432167
2389567401
1059683742
1497608235
9352487601
6398047251
5037198642
1960342785
0237851964
8327106495
9352864107
1580627493
2835619074
3964582170
7235940186
2193687504
0623758419
2687910345
3017642589
4901865372
7982360451
8567430912
