2361870945
7945683210
1907528634
5697308214
1046895237
8127943056
9503168742
8963207514
7180394625
5498371260
4367598012
3479162085
0317426589
4658793102
9108634752
6187045932
7294053861
1437598206
7691238045
9528134706
4965382710
5274639081
3419725680
7218493506
1534270869
2675198034
8490167235
4395861270
2897614503
0493251867
1356729408
1589726340
4931567820
2046138597
0829653174
6017385924
2483017965
7852014396
1658704923
9753061248
4926308715
6052184739
0752496138
5091324687
1746980325
8179056243
7416529083
8395021467
5174296308
6274180593
6132547908
1896027354
7430826951
2769413580
1687345029
4763825019
6109285437
7512639840
7938520614
9824173650
3021485796
8946751023
1243670859
9347826150
9513684027
3012569847
5476180329
9132745086
5648732901
9718250436
8045291763
0713246958
0569428731
7168392504
6137420598
4519073682
5836794012
2613078495
4728931650
5820196743
4815790632
2874605193
9632107548
6083179245
2108794365
8649572031
5289134706
7648290153
7536091248
0351286497
4302685971
5140786923
7392618045
4718502639
7592381406
2638519704
6057942813
7365128409
3174869052
2548316790
