7819530642
0958467213
3170869245
7209468351
7210934658
1362804957
2864951037
8739465021
5860913742
8913042567
1095863247
9216574308
0249375618
2831459670
0738612594
2195074863
3274091856
6738504192
5109823674
4296583710
4820139765
3517420896
5247693018
2970865143
0296541783
4603798521
9410376582
7301562489
6925310478
9410853762
3586094127
5761324809
9067532841
9364017852
0542381796
3215086497
3768149520
3062597814
3510264879
3251890647
9127086435
0863195427
4905127368
1472893056
2460813597
0738512964
7389625014
1754692803
9418275603
8109642537
1643825079
8046275391
5926301874
3758406291
1095842763
7051249836
0359764281
8410795623
0982417356
7659324081
7650498132
8904356721
6895734021
2671059843
1843675902
9184305627
3204865791
7394065821
3619724850
4863150792
2834976150
3781409652
1502469837
7013284965
1249063857
1250936784
2485637910
7259836401
8743029165
5218036794
3054197682
9384276015
6152084379
1502637498
9640217583
8451203967
0894132567
7621354890
0498765231
1490685732
8276340915
2810475369
8034157629
6745298130
3607482915
9247831605
0458397261
1937685240
6435287910
9620751483
