3485610729
3426075189
4803592617
5408921763
9570134286
2438609517
1879246035
3578096241
5134279680
0372645198
1382956704
4903687251
1527463089
1827950634
3107925846
1827059346
6751984320
4827506391
8015697432
2456871390
9105243867
8754023691
8593740261
1792048653
9147280536
2367195084
1872459630
8216493705
5392760814
5946083127
1496803275
1479638025
2486379501
8573169042
9342805167
6178240359
7098361425
7190635824
2067835491
7201493865
1958672043
6983457201
7530962184
3921784605
5831246790
0364715298
5970836412
0547138962
2359670148
8450261937
3698427510
0546329718
8412736950
9782065431
8156349207
3589146270
4190872563
3872509614
8029134567
3985140762
5140937286
4831902765
7930856421
4136952870
9850741236
7623805941
5682709413
2415897603
6731589024
8720963154
3629417058
9306547812
4809671352
7198520463
0495178263
5270194386
5279348016
8409326157
9576231048
9710428356
4190536287
7584102936
2379485016
0354786291
0139642578
2051673489
5817430269
1074625389
1849627503
0852973614
0712543896
2510349768
5786390142
1694207583
4589703162
4963205781
8231670945
4083297516
6354701289
3815209674
