8754160923
9036128457
1734695082
1506732849
5674198320
3420859671
2910465387
3196752408
2791345086
0924635817
8593401672
4805376129
5490872136
3705926814
0165984723
1890263754
5913840726
4068573912
9861045327
4267891350
2983571046
3984652107
2498316507
7913842065
0965423817
3608241759
9130485672
9604351872
1425870396
2351478960
0764598312
8169253047
0723581496
4312068795
4768523901
9587324106
0295468713
6753214809
4125760893
8394502617
0892457136
0672931458
6739814250
0568193724
7365921048
6328097451
0394862175
1293046875
9712360854
5691378204
1354697820
2745690831
7068539214
2795461380
3482617509
3148520976
3187426095
4673815092
8972364501
9583217406
1598324067
3247069815
4058961723
1523876409
3690274185
5873160942
1762480539
7269135408
9520174683
3149876250
6307429158
3062148597
4560728931
5374809612
8461235079
6018523794
3740965281
7103928456
7219036584
1284750693
9074612835
3479518026
0418296357
7804259613
7286513409
8795031462
0762451839
5310987462
9461502387
0217698435
6154082397
8132064795
0467982153
5476038192
2491875306
9430162587
6903125748
5749321068
4169387052
5684927013
