6328490571
9083156274
9170468325
5734092168
9687524130
8572361490
7198236450
1985423670
1482953067
2187490356
0437169825
5198374062
1630795284
0219468357
9650243817
5780194362
9783146205
0285614937
0213749658
8216509374
2806749351
7356892401
5869423107
2813069574
6291487503
4985763102
1297648305
1250349786
6127543809
7195846032
7258109643
3271408596
9560721843
5219730864
8523640719
3574926180
1869547203
3082451796
5094368217
1324589670
7425831960
3217894506
9712463508
0143729856
3482105697
1924603785
0396128574
1720354689
8913756204
1706543829
1957068243
8432067591
4928617305
0549182367
6830542179
0954321876
5749263108
5430798162
6904183257
0172953864
0715469238
8635291074
5967134028
4283950617
2319458067
0698127345
7408251936
0786253419
5704681392
3967142805
9371608425
6158923407
4398251670
3047291658
5917804362
5240861739
6890321574
0419273685
8924176053
2894605713
1654980237
4603915278
1780439265
4582607319
1582730694
4108567329
8256970314
9584710326
5139486702
7208316594
0562741839
9678352104
7952618403
1765349208
3764925810
1965372804
9382604751
3146780592
1938064257
6415098237
