2345806971
9403571268
3187625940
6395104827
0743659821
2904185637
2643875901
6021547983
4029865137
9805467213
7842056139
4750928631
9168324750
9527148036
3621705948
1594087236
7425163098
5273489016
2450693781
2508391647
2165780493
7629354180
6254907138
8632095714
3920581674
7264503819
7936154280
9512738406
0157496382
6752149803
1095438267
0792186543
4752983601
1820645793
5480621739
5812409763
7865013249
4528079361
5127438690
0684375129
7149850263
0841265739
3809672514
9537801426
1957238406
8395427601
3582910746
1562783940
6204981735
4102536798
6813297054
4230895617
3504761892
4317968052
5874320961
4783502916
1930825674
0162943578
9783450612
7591032846
4315098726
6428970351
2938047615
9720145863
2049537618
3957041862
5698140237
7638049251
3285409167
3921657408
0231768945
8412097653
9412763508
0495317286
4216035789
2143850796
2176430598
2067531849
4289130567
4198603572
0937845216
9146872305
2497058361
7231948506
2376189450
3604792815
7825016943
4295831706
6073842951
1065432897
4198360527
7058693241
3569248017
6540789213
6095718234
1403985726
2834076195
7045839621
4316829507
0614758293
