7638210459
4031265987
1895427063
5139047826
4683059721
8694735120
5281943076
3702615489
6384975201
5402169738
4708961532
3270614859
7403681529
5927410863
6137942580
7942653081
4613280579
4862759130
8301962745
6458129307
9415863027
8793012465
0435891726
3586710492
0683417952
4170895236
4203598167
6152487309
1890265473
3812607549
9304826751
9172346850
7805936421
3658097412
7846230951
4875693210
5068237914
7145032896
3819276405
3124065879
2781053946
9180345627
1863750429
7659342018
8729156340
2694378015
4826130597
2948731560
3782564091
3674159280
8924530716
9710465238
4157923086
2653879014
9860321574
7135469802
3260814795
4750936218
1657490832
1502368749
0637184925
4167820953
6879340251
6830957124
5674328019
0461893257
9504361278
5314067982
3096572418
3798426510
0736159284
0391245876
4960251873
8275031649
5639072184
0618497235
6780415392
5429871306
2367189450
2196748305
0925137486
7369810245
5396217480
5412073986
2693510487
6032471598
3018645792
7312068945
4291680537
1087352694
2483710659
8596107324
6753849102
7694530812
2130987654
5948726310
5798306124
1230489567
4802571396
3718295604
