6492513078
7356289140
5820739641
6439758102
1036549287
5437082619
7819264035
4650821973
7813294650
3271084956
0475931628
3758920641
5137289604
5431867290
5268401397
6845917302
0146275893
3586274109
0436981527
2349705618
6913408527
9071462385
3967540821
3054826719
2169483075
0234758961
4031827965
2517048936
2084937516
6751408239
7520146398
1936754208
4629531780
6270413598
3601854972
6981750324
6124795083
0274389561
5248037691
3461572809
6907125384
1340698725
9250786431
0623517984
2490178356
0592486137
9841502673
6345027891
7821456390
5297083416
6127890453
7598106243
2431596780
8273504169
1027583649
8016239457
7451096832
5801349672
7134806592
6478015392
2378965041
1738025694
9358104672
8690435712
6092748153
7402358691
7054632819
8430917625
7562308914
0964817523
2351809476
8610459732
2651809734
4783920651
4821305967
9475216038
5102734869
0843179625
9082136745
8157406392
7210435968
6893524071
7245390168
2470638591
9806253174
3864102957
1698452703
9046173825
2038175946
5108649732
2465813709
0738429615
6794251803
6532410879
4872609135
6139547280
0534721896
8516074239
3029451876
9462380157
