1340756928
1953026847
9184263750
9350726481
0645237198
7583246091
8230746159
1532486970
9286075134
6780924531
9621083754
5326170849
9703241856
9807621435
8739605124
3542860179
9247503168
4819360752
2095143768
4708295613
9216350748
9614580327
5243810976
3087619542
4310869527
6512789430
7108639254
3865291704
9871256304
9708236541
5169327084
3154869702
6897031254
0271348956
7841253690
4198506237
4652130789
5321904768
9304658172
4235609871
3489612750
8369510427
3857461092
4127680935
0512843967
2368105947
6049731258
4630891257
2765490138
2597418630
8975206314
9680532147
9136752048
4387650219
9820765431
2845079316
5982071346
9850764231
4065198237
4872391560
2413650879
9453861027
9234085761
3421756089
8619527430
5263948701
5126783490
2504791683
0245713698
2317945086
9231578046
3521704689
5182496307
9765038421
0156987432
5984160327
2507891364
5926817043
2135974086
9561087432
9865723401
1549087326
6738459102
2081479365
1374065289
5140768932
9613057482
9318072465
7509628314
7519423068
1037624985
7502381946
5413029876
4029386715
1574920683
1607932854
6302519874
6047918532
8429305761
0187946532
