8236105497
8940675321
5714032689
0523197684
0936471825
9365824170
6253148907
2853946071
8231705649
6952183740
7463921580
5194760382
5876021439
2319465087
5926703148
1805376429
5498760123
9851247360
1975430826
4867209315
1302764598
4238596071
9760142835
7459082136
1694572380
3245709861
8410267395
7401985263
6478209531
3695710842
8264913057
4768530912
2493706815
7283491056
1782360945
9015382467
0962478153
7650392814
2614879503
0983412675
0359172846
5203496781
4028567391
5809164273
7053814962
0239815746
5784201963
6351809274
7981346520
5260971483
5728639041
1694705238
2581603947
5012943687
6925340817
7420653981
1403972658
2078631945
8104537629
0271853649
8327914560
6410972583
0652189743
6412875309
1253486970
5187369402
8176059342
9240138576
1792680354
6130952487
6014295387
6941052738
9084716253
6304879521
3871590642
5469302178
3491258706
7305418269
3869420175
9852037461
0796841235
1924650378
4095728613
7432809561
5014627398
8240915376
0982435176
9148063257
2570638149
7206451938
4527369180
9563408217
4780253961
7310485296
3468150297
2716890453
3087654219
6907128453
3075198426
4568907321
