8953412760
9852016437
1276840593
6179825034
2470593618
7952348061
0971468523
5163982470
0519326487
0297814563
8673192054
0982753164
4765312890
5084731269
6520719834
1624703589
4073185629
0439562187
9102563847
0485796231
6584309172
0425769318
9526781340
1384027965
0879125643
6820571394
3108269574
3047198625
1034872569
8576239140
7568123049
9248507361
2381497065
8456723901
3089745621
6829150734
3978150426
8126340579
4012873956
8074361592
7035641289
7832165409
5670281943
1457039628
2784693150
7859034216
3620745819
6875901432
7538126094
1769823504
0576943281
2758601394
6810945273
5627803419
3957148206
2341867509
3184056972
3685901274
4705932816
1264380579
6951723804
2098731645
9487653021
8247139605
1678490523
4615028937
6974028315
6859712304
4817509632
1790253846
1982746305
8036517294
6840937152
8547126390
8369751402
7925308641
4135697028
4108697523
4261850793
1795024836
4567192830
2043568179
7235068941
3605981247
3268149075
6579431802
3286195074
7265431908
3128947065
1076549823
6054971283
5740913826
9873651240
4973521068
7402568913
2543716890
2184936705
0397614285
2564170938
4291578063
