3948017265
6237095148
5204138679
8132976045
0312685479
8231564907
1394578602
2860435971
9835402716
1539647802
6450719832
2703981465
0837956124
1023647958
6801479253
3760819524
6107498352
0763854219
6871304259
6109824735
1538472906
2514607983
0265948731
2793610548
0857169432
2547830961
5248176390
3019762854
7046912853
0954327618
2706389514
7952408613
7249503618
4567830921
9761324058
9825631740
9327410685
7390256148
3596217048
6240379815
3605187942
8914275630
3462759180
7301862594
7930561284
7439012568
0473689251
0582934617
8951206473
8643052197
0693824715
1463208579
3176849025
8795413260
2063781459
1360742589
4910356827
1534298076
2437586109
7189605432
8312456079
6352401897
4037526189
2978451630
3278619450
1637502948
5231086974
1754398206
0281453697
7013854692
3740519826
8219650743
8917546230
2540693718
5032971684
2048195367
6439851207
4209316857
1596342807
2689503147
5813496072
6145238970
6497018253
3296085417
6370598142
9043876251
2913680745
5467932801
7312594068
4517893260
6184205937
5608719243
4186372059
7326458190
3672548091
7186932405
5402786931
4279081536
7429856130
7943586120
