0824139657
1478562093
5724068391
3681207495
8953617240
6749083512
7632905184
5064173289
4078512369
5941280763
7398465201
7850392416
5860234791
6815943270
4062153789
7431902568
7483069512
8602793415
6583142097
7021354986
9314586207
8456219730
2851740693
7543916028
8397650124
1263578904
4638012975
3578190462
8506723491
4132895076
0269435781
6702458931
9635408217
7861590234
0235679184
9614827350
0189234675
9671458230
5197836024
4952186073
6417280593
2065893417
5734602198
4396810275
5690814372
9284507613
8352074916
1703654829
4173085269
1874905326
9546178230
5192374086
0651249837
8375619420
2940768153
7603549821
9872415630
7405138296
4891256037
7350926814
9153470826
8012576439
4820751639
6407821953
7915346082
1735064892
6184932705
0493627581
1480273569
9573621048
9178406523
1598346720
2546180379
5279416803
7214593680
4203196578
7345912086
0698421357
4106935827
7045823169
2897316450
4239671508
6142803957
3706519482
8631057294
3786254091
9167534208
7905486213
7163985204
8160495723
7291348506
6210839745
1287543096
8653210749
1864793025
2351978604
0824573961
1368049725
1972403865
3201548769
