5417890263
7283605419
7698420513
8631274905
3258964107
9521340768
7085239416
6973482150
3894012765
7683102945
6083542179
0417569238
1657840923
8645793102
7293164850
7068543912
7931048256
8190627354
8514269703
8307194562
8726491035
7935821064
0732658419
8612350479
8759046132
6948312570
5163927804
5078963412
8165792304
3796418520
9728356104
6439175082
0397816245
2083614597
2365048719
2318507964
6705843219
9176324508
0593172486
8726914530
7093165482
8092541637
8201563947
0264751938
9647235810
6104379285
5246780193
6748390152
9360715842
0716235984
7205648319
0714862539
1562087493
2587614309
0748269315
8645710293
3086427591
4259073816
4586723019
5872490163
7231056489
4239601785
2506371894
2813749506
2964108357
4816735902
5961073842
1486572309
7364028951
9738260451
4715830926
6403579218
2841759306
1689753402
6370419582
0473162958
8654970321
2096743581
4827153906
0512864793
2681093475
7908632145
9861204537
7921064538
2491805763
2345087691
1276938054
1025846937
3102476958
7395086124
7952860431
7815062394
6714085329
6128794053
7840916325
3840617259
4308961752
3497285106
1864325079
3671205984
