8429063157
1725469038
4987321560
7064581239
5870163294
9613874052
6785412390
5173496208
3207451689
0971268543
8179506432
5360721948
7396218054
1726095348
8213605947
6580729431
1298650473
7583162409
7694351820
5829140763
4593602871
2095176834
5231609784
0437682591
1523768490
4078912356
6597281430
6027318594
3716849025
1073952846
4691258730
3195627840
4830972561
8317602459
2861593074
2390517486
6432857109
2567493180
5873092461
9682401753
3089672541
4593860127
7659812304
6034295817
5748392106
0289536417
2075413869
8026713495
3846075912
2149876053
6309425871
9150284736
9468231570
6743258109
3845061729
5479821603
8764103259
6048935217
5796041283
6873412590
3081794562
9687124503
8072546931
8273401596
4587693210
9437206185
5614280937
8356140297
0924816537
7462510839
4908615372
8354069172
1390852647
7623048195
8397501624
6438712095
9302856417
4652708193
6041573928
5634980721
8562417930
2791508364
7926803541
7152480396
3586014972
8125743960
3429170865
7831904526
1326790458
4582076319
6473018529
7256843190
7013829645
7584961230
1724036859
6178254039
6318452907
5216834709
2168059473
5621943078
