8496051237
4589312067
9405832761
7398042561
4071385962
4607952138
3540261798
4165320987
1603597824
3710685924
2506897431
9427360581
5209174836
4925130786
8906123475
3710694285
1054629873
3429178065
9547312680
1439608257
8724503691
7354281960
0957143826
6759123480
4017583629
8357146029
9738145206
8017625934
9451260378
9102374586
9824356017
9857642301
3958461072
7952184306
6918543027
5349620817
8415392760
1376482095
8906517234
4318752960
4071593826
0462375198
4207569138
4790512638
5703928146
6327054981
4609853271
7509368214
3296418570
4680971532
7680124359
3682479015
8327609415
9416520387
5067428193
3298756014
4859163270
8291530467
6137809524
5738290146
9086741352
7016954283
6957480312
6497021385
1784963502
1684930257
3594820167
3456872091
4065318297
4157896230
0398174625
4073891526
2417385069
3127608495
3960254817
0526714839
2018736549
5683249170
5894632071
7301682954
3291874506
6472108953
0957216384
0175498236
5716029348
5302498617
6274083519
2714653089
1396042578
1720835649
1243768950
2041853697
8671045329
2890357146
8095427316
6957183402
0364819257
2193057486
8369125740
8312697450
