5712649308
7630914528
9836271450
6923514870
2405836179
7368102594
4586230791
8743160295
0136524879
4513296708
5712346890
8761209453
8936014257
2790154863
4123650987
5971463082
0159846273
6728195340
8751246093
3204598167
1276954803
0697582134
6294713508
7298036145
0276913548
8419063257
0813926574
5029483176
1589326740
1429086573
1756083294
0518437629
2580416379
2036815497
6879140235
7208451963
0538462179
1085942673
1072863594
5379128046
9420813675
5240379168
7604285931
7136402985
6791045238
2738546901
5073164892
8259360714
5908263741
1048963527
0721936584
9706325814
3708192465
5279046183
5237418906
0915682734
6420531798
3970251864
8057163942
7531904286
7592801643
2709365418
4928136057
7509124386
5098416237
6054721398
6512378409
5231846709
7635148290
5246701398
9063518742
6493718250
7304621985
8027495613
1958763402
6394718520
0237514869
7032418569
3916270485
7834920651
4976830152
4687102935
9562047381
8604529137
4782593016
5071238649
8623570149
3659024718
8415367290
3420865917
9563417208
5392104876
4082169753
9017846325
4296358071
3924618570
9251684703
9257138604
1395724068
7389624150
