3502761948
2790683415
8431796052
4038516279
8904612537
3912574068
8127653904
6153094278
4172803569
0215438967
1540826973
2941635807
1045678239
2854693170
6952384107
5421387906
4512906738
3805694127
3974816205
4062597813
1389467205
1263809475
5317240689
5490713862
5972438160
0193876452
8107954362
3162849075
3704519628
0851236794
0951237486
8920164537
4967158023
0682157394
6230895174
8179305426
3564728901
7628139540
7485096321
3951867240
2638109574
8976520143
8130549627
4790231865
3729145860
3076495281
7813945062
5283497061
6098275341
3814257609
6527401983
9175862430
9840632715
6529137804
0289736145
2786394501
9207316854
8512347096
8764035219
6351974820
2371496058
1380927465
3905641278
4365927081
0319728654
0968517324
1904382567
4589301276
0487163592
9865103274
7961843025
6431578029
4135682097
6317802459
9512368074
7308256914
0127543986
3857124906
8623741095
6703158249
6375241098
7812534609
2951768043
8103479526
5482791306
2753841690
2957603418
1263847950
6127395084
1297564380
6403179528
7286039415
2610893745
4763209581
6810743925
3671924580
6027841359
3594720816
6289753410
2598063471
