4629305871
9387560412
2436507981
7068921534
9103627458
6354917802
7861325409
6984302715
5109326478
0543617298
3548190672
4295637801
2958340761
5296130874
8324076195
8327156940
3628495107
3012768594
9123548076
1823790465
1028674359
0753849216
0467812935
1986573240
9706124385
5392067418
4098657312
0912583746
2078146359
1693057248
2503416789
5318260479
9803615472
3608419752
4729031685
3514978260
4657893120
2914653087
3251408796
8627934051
2186495730
7819632405
0457821936
4372968051
2685304179
0849327651
9801426753
3251960487
7562014398
2903651748
9204571863
5127493806
8935124076
6703198254
3916407852
7518304926
5416039728
5739681042
0163784592
5704826391
9405862371
4865913702
4137869520
2869154307
2496081753
8350194276
9568403172
5389610427
9840573162
0297168543
0415687923
6915024738
6481953072
9468750123
6193045278
7365924801
8432056719
5461802937
8924563017
3458096721
4832196507
1430978625
7192580643
9104736582
5834601927
6431598027
5314079286
9086157342
0564172938
7394280615
5821496370
3406251798
6281304597
1586739024
2903146578
5982317604
0683492751
0178356294
5069782143
4978635102
