2503874916
2418073596
3741589026
3081962547
4129850367
0123875649
9103572846
4169258703
8695273041
7250691384
1459836072
9678041325
8670253491
0275143698
5410728963
7134982065
0531749862
5780312694
6814052379
5492137086
2506391478
0265147389
6194870532
5936281074
2189647503
0257164839
5731286940
3962851470
2678130459
0362794851
1297504638
6012735849
7263951408
4083751296
0564723891
9385016724
8631279450
7142863509
5794018362
5236798014
0895712436
9326415780
7215068943
2864975301
8603942715
4687029513
6179058234
5314728609
9687210345
9074513826
8274196530
7460532189
3192574608
3456912708
9534076128
1485607932
0239145687
5187649230
7169452083
4231509867
2518064379
7308645921
2703689451
2830746951
3127054986
1738694502
8976524301
9167328405
4871350269
1842053796
6275148390
4953062817
8014239756
8942350176
4283156790
2358167904
5302897146
0726319845
0239415876
3251980467
6390527418
0279164358
8713529604
9573481206
2049816735
0635812947
7250684913
9724513860
1489357062
8706239451
2604198735
7385246091
3017928546
1304987562
9602518347
5974321086
0458631972
5481769023
4729386105
0134892567
