7430568291
4579318260
4105689372
7259648013
3829175604
3405162879
7284061395
8107594362
2187406395
1760259834
8635024971
7906348521
5830472916
5210463879
2647809135
8437169520
7584361092
0743281695
7854039612
2609385741
6473802951
1629853407
1302879465
0812647395
1693708245
7682359410
5861724390
2976350841
6712058439
4389207561
4925086731
9781504623
9432857160
5261709834
6730984521
6518293740
4872351906
1756423908
0523794168
2049167358
4508321769
3129570684
9857620134
8931750642
2053618497
6458920173
6851974023
3896051742
4579280613
9763821450
1583067294
8762190435
2643589017
9387562140
3710694258
9172853460
5638401729
4237950618
2178594630
6923504718
3468510297
9573241680
2079531846
1093625874
0782519643
4138956027
4301827596
9023784516
5764823019
5749186032
9167340582
1408597326
9683051724
9857462310
4705231689
7195032864
3129706845
4396785120
5804762391
5607982431
7089263415
4831760259
1459820736
4738965210
6012438975
1789645203
2793480561
9675243801
3965720841
1564798032
0354671928
8143507926
0123495678
3784206915
9230548671
2916548073
8956714302
8693257410
8156402937
6357041982
