7405196832
5031297864
3870614952
2560314897
7812540963
4265317890
2791653804
0213957864
2571830469
8730642519
4769032851
8317690245
8507291634
8627143905
9830476215
6793481520
9216754083
0584729613
3517028964
6135249807
0896314257
9832074651
4092385671
3968204157
1987546230
9831502476
0185764329
8572314069
1678905432
4973582160
5201684739
9187265034
7845612093
0249735816
6372895014
6209175348
2670589431
4506183297
6231049758
5916038724
9765012384
2063457198
6317052984
3761094852
0617849523
0825316479
4728590631
2091675483
1379086425
0163948572
5384276901
5738096412
9251437608
1054267893
8954260173
9038415726
6529130847
4395076182
9281340567
5139247806
9134826075
3698425107
2613450789
1547268039
3529784601
1953628407
3540821976
5913678240
5098123764
7526039184
0423697581
9302748561
1479308265
3674512980
0712549836
6034215897
8560743129
0639847512
0931745286
6349801275
5180327946
0147853962
1862790453
7640831259
3847629105
4921308567
1274695380
6237495108
3702546198
7580613492
2810349765
8465190327
7986123504
0439518726
7984065213
2956307481
6398045127
6280173594
1329604758
9017824635
