7495120683
3280169457
8256019437
6293751048
2356894107
7912506843
0792348156
5937401682
9045621378
4253819670
3026179485
1908537624
9817034265
1943728065
2163794580
8164790325
1924530867
4791086532
9713854620
6304582971
8213670594
7203914586
0176835942
8507194326
0653427198
3246079185
2851304769
9428730651
6245907831
1405928637
4128073596
1760539428
4801679325
8107594623
8103569427
9023854167
3697024185
5063894172
7609184523
8932065147
7206491385
6145830972
8013269574
3410687952
3748096152
2481309576
1824793506
6735418920
9541670283
8627910354
6485721039
5184673902
9623471805
0821745936
7258914360
0986142375
6489721503
3974058216
8139540726
9072534618
6920735841
6294305187
2896357410
0593624187
6492857310
9846203175
1274953806
1563742089
5624903781
6053978214
4076389152
1965480273
8613705429
4651032987
7952308146
3154279068
4705618923
5924801637
4590182673
0462951783
8379650421
8592671430
1524083697
3480256917
5917824603
3178529064
8945760213
7921508346
7014956283
6138795204
5480972613
0238167459
9276514380
0325716894
6549872013
9451372086
9871342056
7182396405
7124608539
6471583920
