7146523089
1804769253
0135628947
6938457012
3769501842
4365712809
9760842135
1098364275
4079365128
5237169804
5419308627
1583904267
1359460287
2046359817
9072683541
2906875413
7261085439
4832106759
1082579463
3851402769
6174528309
2374960158
1697805423
4297810563
1562497380
2437986015
9541807263
9745016238
2956417803
6501879423
2173496805
6740528391
4857236190
0587649213
9012843657
1872496503
0546132789
9321546078
6412970538
2634580197
6571830492
6378512409
6172845039
3651498207
8917643502
3017524698
8013527946
3708261954
3157842609
2150948736
6450139872
4962370815
4321569780
0523941687
2401578639
9051728634
7152648390
9210856473
4062531987
3521869074
9715386420
6547103982
5843709612
1479623580
6891207534
0267541938
0951286437
9350462178
7413852906
3892516074
4623097158
1690547832
1258960374
4972863051
9587042136
9013245768
0327516489
2753094168
8917463025
3641709528
0791826534
9587340126
6801542937
4085379261
4612837905
6803972154
8702934156
8751046293
4583092176
3290857614
3697541280
5213479608
3146872059
0423195867
4698251037
3807412569
8706439152
3485096172
8741036529
7048126953
