3106597842
3612478905
2971564803
4362719058
6193572480
0367295184
8905213746
3291684507
5379124608
9360128574
8205143769
0543862791
5640217389
2198603547
2731905486
5420891763
0683972451
2749638510
2634570918
0398145726
4916370258
5806279134
8219605437
5173920648
4695703281
0927815436
1234068975
6542301798
2574381069
3087964521
5928637041
3674805129
9785624103
9546102378
0926147385
6071345892
1809265437
9245831760
9806751342
7392468051
6148529730
1378065942
5438197260
8450731962
5681029347
5708192643
6025843179
1823054679
0213658497
4692738150
5493170682
7850946312
8614527390
0137659248
1207894536
8041637592
1260483759
0217549863
8053917642
6254103978
5203981476
1843297605
6852741093
8267405193
7624531809
2680374159
6873025149
5093147286
6748309521
9206354178
0465872931
3470289156
6845017239
0342956817
7498652301
1297038645
7659428301
6235410789
4687059213
4362789501
0961725483
4126705389
5034786219
3458792106
8730614925
5401378296
0657231849
2579681340
7038654912
0236789541
5081279436
9172850436
8732409516
8170659234
9261074583
7140369258
0421836795
8146037259
8560192437
6978402513
