2809351476
4052871369
3461502798
9173456028
6543780921
2904136578
9810347265
4536890712
2154980736
6950743128
6039517482
8094623157
1506973248
8459632710
1059286734
2965478103
5691783240
8753061294
1653489702
0647952183
0659214783
2950138764
7348295160
0359142678
2386971405
6940817235
1592736480
0423971568
9124057368
2319854607
2014956738
5804129736
0263948715
7032586194
6491257803
9621548073
1250984763
1470839526
2780645193
4561920783
1987032465
6973081254
3069584172
2389471056
2180945367
5831607924
0328645971
5120386794
1968043572
7354689210
0475823961
3649018257
8963752410
0925436178
5093428176
1953874602
2538760149
5231084796
0152649387
2617953840
6902481537
5419720638
2614350879
6754082319
0174598236
9563742018
6918347250
5894103276
1034976285
7589461023
3520471896
0742638951
8975032164
2309745681
3840725691
4129370685
0829357461
6091453872
6129438705
4981572063
3695174802
2843079516
7980612543
1052784369
8456279301
5081792364
2950381746
8619720453
7924016835
8195367402
8297013564
3502671489
4893256170
5124309678
7625938401
2647190835
6572830149
1569423870
6980237451
4963571208
