0648327951
4961280357
9206714385
0547319628
4760918253
2357069184
4729580136
2567038491
4371859260
7530481269
0594187362
6094183527
0628549317
6851293470
8275390146
4590618237
6897521043
8017296543
3847952601
6052731948
3985416072
2096437581
1968023457
1976304285
9715863204
9861740325
1398647502
4651802793
7209518436
7961520438
5634982170
8052976134
3504961728
9654372018
8273905164
0976528341
8690735124
5736210984
0758623149
1039685472
6381927504
9764381250
0376521948
9738145620
6453790128
0652374891
4267589013
2073486951
5019823647
6135724809
9268730514
0527394861
7240196835
2984637501
4635127809
8701263459
0829634517
4295306187
6789352140
5724301896
0547961328
9735612048
1284965370
1670492835
5024637189
9865721340
9421687053
6705183924
8013295674
9635718042
0567243198
6784953210
7369148250
0348156729
4271538690
5369017824
7314529680
0781439625
5134869702
4706932158
5896074132
2654730918
1305974826
2716850934
0351869274
6320547981
0689435271
0156427839
7351928604
5816927304
2706348591
4721085369
2617835409
9136728405
5792804163
8274609531
6524839701
4207165398
3597148260
7102968354
