5410638792
6705924831
4095872163
2371689450
8209516743
9817540623
4216073589
5139784620
7390685142
5927304186
1428709536
2150683497
8956730142
1263980754
7586941023
7590684231
3164790528
2037495168
7894256103
0273185964
2390417658
7518906324
1085493672
6428175309
5720361948
1204357896
9671432850
1305968427
3675084291
9802741653
9851436027
9184753260
9651428730
0174983256
3759240681
9472580163
7394812605
4387950216
2758936014
4986123750
7896315240
4692051783
6804537129
4738590126
9260781435
5281409763
0261354987
5368041792
5120743896
7405296831
6872940153
4381095276
5071483629
6934502817
4507328961
3145708926
5386197420
1705238694
3015267894
9346827150
1759428306
8790146325
7390482651
8547913062
0296574318
8641935702
6035941278
4328065179
5183904267
0534892617
2967450138
9452607183
4316507298
5429708631
0382614597
6370914582
9738612540
0248765193
5719826430
8659417302
2359718406
3607491582
5746130928
6407531829
8761945302
5168329407
5820739416
6415832907
2405178396
8674530921
5134968270
8460379125
3286794105
4783965201
7013469528
1247863059
5043126798
3560914278
2980361745
6872491503
