6129875304
3078162549
3520781649
5482637190
2534761089
4598136207
6507982134
4530892761
6945013287
6129407358
7618452930
6097154823
2408176953
1327048965
4235076189
8432917056
6573104289
2197830564
4706319258
7086321549
2469315087
2195037846
4579301286
1540792836
8025136749
3704912856
7859360214
8246795130
6509831274
3810742695
9315407286
0234518976
5321496708
5129468307
0364195782
8904531672
6350298417
0496857312
0974386215
7964132085
2379586401
1604739825
2940386157
9806752413
9471826350
6315249708
4682301597
3086925147
5649738201
0752194638
9501386274
6835029147
7410396528
3180752496
7615082394
5498623701
0953278461
6871023459
5978306142
0531847296
4576982310
1825037694
8056472931
7846915032
0924537168
3174056928
3189207546
0169452387
7634280591
0349568172
6172849053
5097482163
2106584793
6532789014
6738492150
9317602485
9270368514
4976215308
8371695420
9146570238
8065374921
1486039752
1394620785
0687345192
3210845967
1496053287
7648910253
9235740861
1368047925
5078461932
8310756429
5038149267
5127984630
5813960247
3019524768
3452610978
9187605234
2917483560
8632504197
0289673541
