4896125370
9605743281
2807694351
4926501837
5417830926
4172658309
7524893016
7325461809
9648735201
7614905823
7106243985
0376245918
6478592310
5807396421
8915076342
5236179084
4236980157
4917835026
9740863521
2703145968
9065318427
1582074396
9781346052
1839650472
7526140398
5798103462
7608413925
4537198206
3492560718
5278910463
4629035871
1857462039
0214758396
8107962345
8645172930
0825971364
3416082597
5630987142
8369210574
2084195673
1243958067
6413085792
6237941508
1908756234
3974825160
3056128947
0258379641
1268439057
4395720186
9845721630
6352194807
0791256483
4528763190
9850326741
5203916874
1980274365
7316052489
8730651249
5703418269
3485219076
5807632194
4096531782
7860159423
5491728306
0452368719
8063215974
3856291740
0194256873
1978346025
0658491237
9685134270
4286351079
4039627185
5643098172
9874305216
1586047239
3581976042
5186204379
2148963750
8617493052
1984720365
7361094285
6207158439
9712036548
5781460392
2470953861
4013295687
0853217946
5194706328
2785094631
3840619725
7420683195
1693257840
4375198206
7903624158
1957036284
7342695108
0123694875
8795014362
2790834615
