3012879546
3854071629
9826345710
1598720643
3784160952
2168703945
0872356941
7318620594
9625318704
3240178659
1273809465
4761389502
3081246957
6971285340
2459180367
4038765219
1395428067
7608149253
2965710843
3254681907
9417382560
7046895213
1520376948
8573921406
3980462157
0247516398
1594628307
9170824653
9630421857
4635219780
5820943761
5093427168
4637285109
4730981652
0639125874
0745613892
6537290841
2506143789
4826095173
0298374561
7329410685
1345268097
5260371489
1278456903
3987416205
7401326895
9576423810
3289714506
2579368104
0614782539
3472068159
3067251489
0593876214
8236147590
7945680231
2486350179
0413852976
9671450283
5619872304
9387521406
5938021476
9384507621
3249650178
9658074123
4578123069
8769052143
9143560278
7365194082
2407395861
5926013784
5071698342
7342860195
4695078312
3751692480
0752418396
8207451396
3189260547
2051963487
2978160345
4768039215
5798104236
8702431659
4920187563
8513794206
0695237184
9147035268
0753829641
1639250784
3257849610
2874953016
1379486205
6231054789
0681924537
4762318905
8610379254
0835176294
6284309715
0867943125
6423709581
6453720819
