7308261954
2196053874
8169523740
9610832574
9241587036
6149375802
1379450268
9681457203
8720946531
6519748320
3528417960
6201983547
5968740132
5246309781
0452967138
1204935768
1870249356
6705241893
4692807135
8214063957
9218736045
5274819630
4086175293
7652934801
9268703154
4972015638
0891524736
0149827563
3278601954
8197045632
9843176250
2830167459
4592031876
9683751042
8701639452
0871543962
7498360125
6075932481
6428591037
3860719425
1839027654
7519083246
5269034817
0964518732
4078523961
6583079241
0169872453
5407819236
2485670319
8620419537
1425690378
8675390241
3601487259
6402183975
7318425960
8071539642
2076958431
6157980432
3419205867
6957231408
6104529783
2406138759
8231745069
3852710469
0967342851
0738495126
8604125379
0954716823
7569142038
4329165078
4752068931
8146973205
8736194205
1274865039
7240139586
0728195346
9854736012
1760829435
2301875946
1263495708
0173845269
1437920865
1349752680
7089352146
5601972384
8215760943
8537109642
3614052798
1957326084
9058271364
0194732568
0527361984
4871359602
6540139287
5840926731
6794031285
3186024597
1692073458
0381974526
5871034269
