3721850496
0946173825
9081247635
5319842760
6135047829
3958064271
0642815793
7298365041
3789205146
1250896374
4789615023
5138690724
6125384907
8425371690
9076432158
9172680453
0259648173
4390261857
7428063195
1653027849
9572148630
5068432971
8714652930
2098437156
0452638197
6508297134
7810534962
1469532078
5478960123
7326908451
4728651390
0678314529
7831926450
0238764915
5932016748
4260587139
6204198735
9201457386
7439012586
5078912436
1683275490
9230648517
0729153864
3458096127
6275943180
8231059476
0637192854
3187450962
3086512974
7381902456
6784159230
6507321849
0547261839
4062381759
4831069527
9164537208
9635428071
0862319745
4697821053
9023541687
7549638210
1958027436
6857021349
6758021934
8625134970
4698350217
3078156249
0827513496
0219478536
4602893751
4705629183
1038564297
7861395042
7024836591
2859364710
0254376918
9346128750
9861054732
6910342758
3950826147
2315846097
8537190462
6874251309
1783695024
9284071635
0973814526
7635489201
1275689304
1962507384
8307695421
0417296385
0567243819
4507318296
5348206791
8362915704
9631825704
6180492537
6042539817
8679125034
6507294813
