8756314290
8354962701
2946031587
3471256809
9132758064
4658123970
3795218604
4803672159
9852361407
8946157032
3729561480
8702436951
1379058642
5783240619
6017293548
6457031928
0192463857
6028537149
5721963804
3086214975
8934256107
8364025197
5604831927
6894035712
0195684732
1782639540
8634129705
2087136954
0297156834
8370219564
4607851293
2476130589
1970285364
9820716354
3784650129
2873610495
3547128690
1826379045
7048936512
2138549760
2793845106
8670453291
3614097285
3476091528
7134805296
5094281736
7896521034
2061758493
9736218045
3851427096
7501286439
0613542879
3857091264
4306178952
5083796124
7398456102
1056847293
0752381694
7153964802
8137692054
2379058461
1802574963
6304928517
4562890317
4623759018
7892136054
6584012937
1807943562
3852901764
9234718650
2138960547
2846150973
1374620598
4762031589
1792648035
8670193524
0762839145
2503914768
1940872635
3672089145
3127409856
9506281437
5209186734
9604813752
6437825190
3618974052
5012764983
0867293451
9137486520
0918723564
8652493701
3981256470
7206315948
4953718620
5897640321
7928463105
5734096281
3705192468
1870594263
2659703184
