6518239407
3805649271
8591260347
9247038561
6091254378
8196075342
6139407528
0491527863
7162493805
8034159627
3216759804
3940816527
8360927415
3916584072
6375194820
0317852946
0675428391
3062849517
2057613948
1504398726
8712930456
9526034718
3104759286
0794536812
7286450193
8975342061
5749263801
9048513276
7803295641
5249618370
2730149568
9140367258
5470132896
0935487261
9837501426
1098573264
6913485072
2681954370
8653471920
4210678953
1460352897
8103574296
6927105483
9861470352
7609354281
4058263719
5198623074
2370984165
6730521489
3825140976
9761853420
9564207831
4621087395
6795308412
8923710654
2930841576
6719825304
4573910628
6491523780
4193820657
7891326045
5620381947
3901425867
5831426970
3681795204
2017596348
7364580129
8710346295
7316482590
8924516703
8364275910
6375128490
5618049372
6239185047
7369518240
5489201736
8902453617
6097423185
5247396180
1746250398
1285903476
6941752308
5826197430
3152974086
6183057942
7486091235
2643078195
3185097264
0861724359
4726105389
2659104738
8019756324
4256938107
4289706153
3147980265
3705926814
0826143579
2570314896
5261934870
3975618420
