2746189350
7816320459
3180567924
5430217869
6594302871
5867092143
3672450918
5374109682
7593024168
1490576328
9346157820
3709816254
6821904573
4371265089
8315760942
8760321459
4176358290
0385216794
2645389710
1406785329
2641980375
8593761024
5049768321
5674238910
0736241859
0253619748
1086974532
7312096845
8409271365
5298640137
4026598173
2514086379
6941370528
7082964531
9873021654
8960213574
9853742601
9410823765
8510394762
1632985074
2954176038
3140698257
0324678951
8045961327
7501834269
8452016739
3098741625
3750469812
1568093247
4085673192
8531402796
0958243671
1903527684
4217096853
8710642593
7316895240
1059374628
6830592471
7981024653
5018693724
0413657289
3809475621
0915342768
4760835921
7096843215
2369410578
2874106539
6031875294
0518462397
4718526390
9271548630
0392567418
0985174362
9518670324
2986345107
1672839045
3127608459
2579401386
1529763840
6098243571
8614230759
0564973821
8469503712
9578403612
9147026835
0371254968
3658194027
9307586124
0435918726
8305127496
8730265419
2197406385
0629748351
7825419306
3796420581
7862094513
3952460718
1672809453
7913248650
9740132685
