3204795618
2061384957
3064978512
3918672054
6950217483
9581230746
2397846051
3427956018
9651472308
4859760231
4218367509
5084672193
9730124685
4683207915
3218560794
2507491836
5279138604
3297450816
3056481297
6742180953
1375264089
3517046892
6237508941
9107453628
3015489276
9164728350
8526439170
4752813069
7682541903
7842951036
5314706928
1430578269
6715804932
5362847091
7043895621
7128304596
5786213409
7286410935
2406198357
7956041832
2760135984
2905143768
7592831640
4631052987
5218934067
7289146530
3689754102
6148075923
9420167835
5784263190
9743801625
6598317240
8075263419
9034758216
1736509824
1538072964
9307418526
0129358476
8079453612
6801527943
3426157809
9024637581
6089715423
3278956140
6850932147
5097148632
0159324678
9728510436
6859472130
4901285367
9604758231
3761485902
2031476985
2156470839
8219074653
5874291360
6143758290
7698431250
2487156309
7802143659
6724805931
3259016847
7105248936
3860427951
4761538092
2475139680
2701698453
2506419837
7802134956
3165487209
9508247613
5764190832
3892150746
8164902573
6147283059
1057936284
2439075168
3162089745
4361850927
3674921058
