6094537182
9721438506
2680734951
7064123895
5907843216
9406253718
5937012684
5609148237
0974216385
0976584213
4138052697
0276598143
5743209168
5931408726
8056327914
7926351408
8293741605
4702518396
1627034958
2053718964
1683024579
1786093452
5017849632
7204361895
9278014653
0312579846
2574368901
6721890543
6537802194
9501486723
8137645092
9075843216
1576248093
7026153948
4712305986
8610952437
7940356821
3526901478
1457632809
7038125964
7086914352
7480923561
1923605478
6952083741
2658439170
7195348206
4586392170
8397640512
7013652894
2967584031
7546983012
7398210456
6703291458
4603519278
0235718496
5862103479
5028947163
6930518472
4690752381
6537018492
0913752846
4890623715
7689134520
1926048735
2693485017
9213406758
9734651820
2703189546
7128450639
4138692057
4915873206
5198273604
7492850361
7439025618
5830674921
6485123970
4159803267
3915268740
3485921760
8431762590
2563908417
1769825304
6137290548
6702195483
8604527139
5134072869
7391428506
0364175892
3962754081
8950167243
0762498531
2150437689
0127459386
5046317298
3148692570
5273914068
0912378564
2530174968
0578632941
7351428906
