1635407892
9514086723
6849017253
1067542839
1705439628
3705614298
6238954701
7394261850
9428507361
0569478132
3702591684
6125904738
9180524637
6902587413
9453281607
7463091258
9025867143
2951468307
8256019743
7306481259
9163725084
3517869420
4865719032
0419527836
7148359206
1357084269
6251947038
4361970285
0839526714
2314857960
8327604195
4218390675
1835762490
1503469827
5361742809
1942038567
4379510268
0134982765
9307286514
0783594126
8951074623
7891630254
4763250189
5206384917
1768495023
6523491780
6031825974
6095831427
4756102839
5407938621
0327415896
9637421058
4726809513
1087246953
9137824056
7521043968
3096841257
5831740629
2146583970
6327945810
1354769082
0817634925
1078645923
5874192603
2134867950
4019367582
1079865342
9360284571
6235140987
6520497381
5429610873
7381290645
7864925103
5819046273
0174392685
0958174263
5129347068
4071562839
0715486239
3719682450
1574832906
1564720389
8049625713
4732856910
2643970185
6853124097
9082516437
8794612053
3218679045
6374129085
3528049671
0315947286
5730491826
6398205471
2781654930
5041693782
8162950437
8736054192
3267184905
6834159027
