4278539061
6908321574
8413507962
5612043987
8079245613
8507921643
0945728361
0832794516
4196058273
9802746513
9067132845
5478063912
2893760451
2793546810
3402619875
5937102846
6048379251
6432157890
0372514968
9768512043
2641803795
6059384712
8705962314
1652983704
0769438251
2107983564
1986052347
7649815302
6804213795
6748523190
6789453012
9815736042
6734502819
1532604789
6819254703
2318407695
8374120965
8791462035
6428157039
1453728609
1289504367
5201746398
7541809263
4150962873
4853706219
0869351724
6547189203
9236148507
3170689254
4061825739
9048367215
4587610293
6037549812
0596431278
3954061782
3675928041
6295410873
8259134067
3405689271
9683021457
5749368201
3462109758
4158370296
7658430921
4739512806
6290714835
9643712850
1078963452
7831420956
0538169724
6201974835
1573648209
2470385196
6810324597
0423756891
5417896203
3172056984
8260354971
2064983715
2870346951
9780413562
8036457921
4709126583
9578403261
0157362498
6917534028
7143865092
0749125863
1469723058
6534807192
0451328796
9230847561
2758049316
7658420913
6170523894
4782510396
9018627435
6987524103
0641872593
0275316489
