2015846937
3490865127
4593618720
6128457309
0795163842
8752149603
0372598461
5604391728
6348297501
8965123470
3056724981
5867123904
5614832790
5614783029
5489230761
6794820531
9140637528
6745912803
0263857914
0369427158
2730945618
6295437081
0123768459
0129843756
5073489621
8243657190
9405723186
1063948752
6245780139
6392841705
8265174093
6490857123
8531027694
7843501962
4953807261
5970184362
5630712894
0852143697
3587109246
8753142096
3758492106
6581409273
9458107362
1395206847
8271695304
7692108345
6591243087
4182769035
6705348129
5092478136
7518064239
2957168403
4796830152
5238140697
5763921408
7108546923
0296348175
5026798413
3968157042
4691273508
6241987053
9674532810
4108625973
3187592604
4169538207
3019624587
0725894361
5420387619
5402318769
8630195427
9846357210
0596312487
7483560291
7236589104
4931502687
3128906745
6518072493
3079562148
9578346102
0982546713
2876503491
6259041738
3784962105
9376851042
8531064972
6794352180
8104756293
2805364791
3726059418
5927143608
5034862179
7389021564
1295860437
6598317402
8259470136
5240968317
2063579481
8912073456
1978243650
6305178942
