7495601238
6384017592
0317425896
7501386492
2890371564
2659784103
2103857694
3064215978
2530476189
2735694801
2197034856
0456931782
4320859671
2690815734
8473961502
2095316748
7568213940
6257413908
0762359841
1350849762
0748692513
1362597048
1839065724
9021736548
8597421630
6297318450
4670513298
6314028579
1348725690
6241983570
8562931740
9527401638
2075413986
6725038941
4519860273
9604531827
3590724816
1704968352
9753184260
3158702649
5892103746
4609175823
8064712593
7860159324
0681932754
3018526947
2457630891
4806721359
0593612478
8435210967
2039164758
6438915720
7132095846
2045986317
2687401935
3051924786
6598310724
1805762394
7201895463
1439782056
6072481935
6528971403
3249058176
6857420931
3879624015
9340657218
6453128790
3946287150
6427159803
3514280976
7826103945
5302869714
4578193260
7463218950
6809375241
3150694782
7210563894
0391625487
8032915746
6510924387
6754082391
0987124563
6981723450
4698031275
2143978560
3769128405
8703654291
9742850163
4837051926
2634091875
2851643970
5327904861
0375492816
7321850694
3458629107
0548291376
2437510968
5384067192
5123784960
3120549678
