6543981702
2768491530
3046952178
5047293681
4098526173
3028541697
3502416798
8536109274
2837914560
4308579612
4025716983
1480756293
3805721964
1249876035
4612380975
7386205194
6529714083
3912754860
8064375921
8043721695
7916480253
2495703816
7512398406
7234518690
7342059168
3207819465
8795241306
3192084756
7920145863
6847593210
4138269057
1260359748
1734082965
2509637814
1728456309
3964217850
8065213947
3017569482
2143569078
3948765210
3486752091
9263784150
1635489072
9713052864
1839520647
1980637245
8072364951
6108539427
5720698413
1573284690
6213084795
4162805397
3217460958
6584907321
1230576984
7452308916
2630578941
1897540632
4259836701
8146957032
1246905378
9153274680
2908417563
1326054798
2489175063
3506498127
8014637925
0837462951
7539142680
1326075849
1764950832
8791352604
5348297061
7143580269
8491703652
9231786540
4651290387
4895360217
4635079812
7950468123
7489130256
6278315094
5426389701
2763195408
0217536894
8276415093
9413706285
9486203517
7341569082
0243176958
3902567148
7204913658
1985206734
4621953087
5698073214
3254817096
7108632459
7158346902
4389652170
8645107239
