6527198034
5832647091
1048276359
3014698752
0785936421
1035649287
4532981067
1692758430
4617390285
4806293751
7594806123
1963485207
1237806945
2147893065
8291057643
8219057634
9685143027
7650419382
6438915702
1478926350
1340729658
9758024631
3975480216
1402675893
0753268419
6821579304
1643570928
6854173029
2680754931
0152846937
1425379806
4953761082
3967482015
6431072895
3461285790
5017429638
1756849320
3089716524
0937561824
8497320615
3604258197
3012758496
2649318570
2157893640
2875613409
7051943862
2793450186
7389502641
7096823451
2385970164
1294065387
1432769805
5367214809
1340728965
6084235791
9582716043
9308267154
9246780351
4926857103
0974361258
6548720913
7139548062
7342958106
6715482039
0981634725
0146379285
3417590286
3782154906
4721605389
8140523697
4263980175
5129340678
6170954832
0581469732
2095734618
4298301576
3741950826
4817539026
8304261597
7140638259
2567301498
3872960415
3247910685
4850976123
7193452068
6873150942
5798321064
9850624173
3047529816
6345271089
2467815930
3687425910
6294850371
7294586013
0395168274
0812694753
4175689203
8903761452
1872596430
7851302694
