8741905632
1730856492
2546809137
0832149576
1269583407
2085796134
3065142987
9063254781
5614783092
5732468109
9105486372
7624310859
1597384026
1265983407
9418253760
6049528173
1465092873
9542387160
9214730856
9410865732
1095784362
9572430168
6532410879
5736819042
1640539872
0285764391
5236978401
3592016784
2534816079
4286019357
1693427805
9873152640
6715092834
6135904872
8413769502
0867354291
8213649057
9437018625
8204571936
0152836497
0516724839
2845190367
4913685702
2473890561
5418376902
8375462910
1096543872
6934518207
0476819352
4970281365
7249306815
5830192476
1039647852
0617285349
7893420516
3876509421
8126490735
5962841703
4912853076
3175692408
9241537860
7823504691
7285963410
4839265071
7043182956
9547803216
8706154239
8967350412
5364728019
5730269184
7536149208
1269548073
5816490273
9641807325
5329468017
8402675319
5423671890
1908753624
0846921375
2516370498
8974521306
7928034156
2390416857
4236195780
1849537206
7456923810
2836705194
9124876053
9537410682
2419078356
4360527891
9186735240
6708429135
3460725981
9143726508
6950478213
0156349872
4215908376
6921580743
5301478296
