5160723498
4987261305
6109745238
9812576043
7924150836
8916745203
2467851309
1083657294
3691527840
7368294150
7283465901
6874921053
0592681437
4670521389
3276085194
2754698031
9042536781
9846250173
9046723581
5470386921
0863529471
4865270319
6290173485
7029615438
5924871603
2079345618
1723945068
1579863042
5789624103
2643951807
3169857042
1279360485
3570491286
6749850312
4831679052
6281975043
3287456901
6547238109
8976431250
9524036178
3620481597
2368405791
0145987263
0698523147
3162750498
6947501382
3645781092
9406723581
9175864203
2687403195
3609217845
9053781426
9467132085
7380154296
5069214783
6941208537
3675218490
1580263497
5236847901
6528103497
2756938410
6305481792
9238701546
9801462357
3120859647
7368502941
3628701954
2910536748
3216950847
2814675039
1250694378
1806937245
0249318567
3127056948
4159267308
5302974168
7960432185
1430826759
0478613529
2056849371
6298453107
2549038716
9730581264
9623048175
2743961850
8764905132
9386425107
4823075619
1460537298
8165274309
2456173089
8269015374
9236810475
1875209463
9157463082
8943710265
2843561790
1825437690
7918263045
8479136205
