8154097326
2985136074
4782936105
8193670245
2758061493
6718453920
7245831069
3659410782
7135926084
2496785013
0487612593
3287150946
4128957063
8761904532
4301985627
0597831642
5183947620
6519280743
8432750961
9045328761
2036914875
9864203175
6041327985
1958764302
4136978250
8714253069
6278415093
3820154796
6274350891
4189702365
0329458761
4023871965
1257489360
4976502138
6531490278
0158376249
6834152970
0896457123
9715048236
1806379452
3857069124
6591324087
7318064952
4695380721
9164738205
6791248350
9120654783
2613705849
9714025638
4512867930
6092148357
9428136570
4506972318
5943062781
6257491830
7346089521
6827439501
7194562308
7935214608
5916023874
9156420783
4765819023
0184739265
2693708514
8903426517
3490185267
6752148903
0278596314
8127594306
2581790346
4582693017
1639058427
5964078312
3702586941
4720961358
6387025941
8357206914
8529643710
8129437506
0417682953
9286503471
7420391658
0693178542
6058243791
4369180527
8759601243
9234807651
6513489702
6834750192
2910347568
6702394158
0579832461
7603895124
2571496830
4639872510
5470869312
3510672849
2075416983
6325491870
1045369827
