2749361085
3481605729
9784536120
6814095273
4917038562
9647803512
4583971026
7209381546
3817250694
8912670543
3859671042
6194238507
5027684193
3094258671
7461039825
5923178460
5062174893
3057189624
8306971524
7689213450
3901284567
1693257804
8269534017
0379461852
4836519072
1089325674
9132456780
9164273580
0192485376
9741586320
9163274058
7561430928
2457613809
6490283715
2491567830
8641059732
3982106457
1328695704
2786530149
9203187546
5849612370
8902371456
9805624317
7061285943
9167823504
4365729018
1093754268
0214537698
4967508123
8146237095
0913648257
2063597184
1270583469
8642730915
9462851307
7358429016
2160385497
5287396140
7394608152
0489137562
8651437920
4287091536
5038926471
2704581936
4510937286
3925071684
4607259381
5983047261
4285109376
5720483169
9834016275
1305467829
5460319287
5380742916
3617094285
9057184632
3859746021
5264083197
8023659147
2045378961
3504892671
2791850364
7296305148
8734521069
3281795046
4852603197
6593271408
1945267803
4378960251
3720451968
4873260915
9286057134
1326970584
1972038456
7918230546
3754109682
8241596703
6085913274
7695832104
3261084579
