4928167053
7529413608
3715820964
3547618290
9362017854
9035214768
8730914652
8136042759
0245369871
9570643281
4328179560
1907265384
3579804612
8971460235
7604138259
4852619073
3294601857
4123806579
8734562910
7923814560
9870245136
2491607853
5179403682
7654190283
5791264308
7961024583
8374560129
6081543729
3296841750
2569840713
0563182974
7920615348
0329845617
4195287603
2109485736
2364508791
8164039725
8941650732
4059728613
6451890327
9612540387
6901482753
3147820695
6308945172
9536241780
2480379561
1035249678
3708964251
0526731489
3042187695
2836149507
4530789621
3124567809
2931506478
8726104359
3275698140
2164083975
5410782639
4608712359
2973605418
1403976582
5910734286
6419730285
5079628413
0324158697
1237546809
4236910875
8690324157
9370485126
2510347896
9126438570
1678590234
0793562841
0761325498
8360954172
7415296038
3241058796
0987643251
2513986074
9670382451
2916470583
9502734186
3652408791
9574160823
2854179306
8430571926
0532197486
7546109382
6307245981
7018932645
0618497253
1278054639
6103589742
9457032816
9681403752
1528073469
9610783452
7523940816
0486279135
5803217649
