5103976842
5621789403
2735968014
8261735940
0957243681
8031647259
2697483150
7852491360
3082591764
3715469280
1402876539
1703864952
6728134095
6109748523
2847109536
1074698352
1762809453
4980571263
6573094182
6237504189
4081263975
3862904571
8437259601
9612483057
9240837651
3962804715
5184693207
7618045392
5291403786
9164380752
5743061982
7036491258
7105942386
7392604815
8107436592
5692871340
8241956307
2805764913
1709685432
2160879435
6740835291
6207581943
7915432608
5689403721
9218470536
5417063928
3408721659
5824076391
7601954382
7964805123
6921750438
8926054317
5468309172
6501248937
2695378014
1620839457
8190375246
9852641370
6530298174
9130876524
1945608327
9831274056
5492370816
7416925830
0312976845
5321907468
8341705296
7920815436
3761598402
4681203579
2043657189
9240187536
6521748093
7206593418
5790281463
5146893270
0689524137
6593287140
7521630894
7136824590
9016724538
5417638902
1486207539
1273849506
8321574069
9475038612
5410923678
7306249158
9410386572
1820495376
2906135874
5983604172
1857304296
9784356021
9256083471
6729308541
1923586047
6198240573
1453679028
8763421905
