1709864253
5648190273
8425396017
2607145983
2376159480
9452371680
6328570194
5326791480
1835270496
1026475938
8054239176
1259467308
8512640739
5836749021
8120453796
1237805946
6429531078
4357192068
8036241957
4539602817
5679430821
1685029437
7136290845
1360724859
2805741936
9780253146
8523091647
2917385406
6927840153
4058976321
5748906312
8569324017
9085124736
8679135402
4593217860
7130645928
2341865709
6432091875
9432567018
3752084691
8165397042
3217948065
4320698751
3674290185
3924578106
2548637091
0418962735
7168402395
3182560794
8420931756
4910823675
0357124698
4196208375
0258497361
7601954382
3471568029
0825371496
5243107869
5479036182
0248715369
3425810679
1297358046
9640538127
2971546830
7126935408
1062947538
5096872143
8902751643
0429187356
8237694510
5168392704
7016382945
6821579340
5940682317
0184973652
1092538746
0973452681
4560129738
5682417039
6273108549
1673894052
0746192835
1982356047
4518706239
4890561732
3528709641
1870245963
5397618240
1963280475
0576912834
0659123874
4328196057
5461293807
3147650892
0623487519
2967583041
5726308149
1286057349
0195634872
5491620783
