7049651283
2408975136
8147629350
2064518937
1254798630
4672893105
0896412357
1763289045
6852419073
2170563894
0982146357
7236945180
3247809165
1687502943
1453078962
8531629470
4632890175
0782493615
1824967350
3419602578
3710924586
8296014573
0942817635
4768320591
4021397685
6315092784
8490756231
2701638459
1984370265
1935874260
0572684319
9057318624
0379582146
3712504968
8409532671
2315784069
5760183294
8342076519
9306847152
5376102948
0684975213
3140285976
7694128035
6510742389
7648395021
0756192348
3907645218
1348962750
0486537291
6405813792
2985164073
7942360158
5418379026
5806971432
3082964715
5983416027
8012735694
6834150927
0643527189
8132456970
8641295370
9463085721
3501748269
5973208146
2546871930
0546317298
1640825739
1409523687
4165973802
6071352498
9764082531
9685307124
3460275891
0312976458
0493176285
9456271380
7382691450
4127958360
9584610273
5810476932
7534298106
2698031745
8956340721
5702194386
8109374625
9302651478
3718524609
2364875901
8741650392
8150694327
6485071923
2385794061
1872950436
3876450912
3402796581
4327859106
7860124539
6524810937
2956704831
0384927561
