4672815093
8795201364
7195038624
2640179835
8742650139
1270958436
1267345908
0968471325
7386941520
0632954187
7231408569
0546978312
8041273965
7319602548
0569374281
4863705192
8540671329
4792801536
4628790135
8364105972
9365742810
4906837215
8960153724
2438709165
8076532941
3875241609
0942851367
9432816075
7805234916
1392584760
9340216785
8237694015
2436571809
6548730219
9514627038
4795386201
4107358629
7205416389
2459631087
1869450237
0153942786
8932514706
4621308579
1472853906
3274068159
5401762983
6290814537
5064781932
3027541869
4869017235
2834516907
5124908376
3276015849
7154268309
5381729406
3864170925
0917432865
1296508734
8427319065
6785192043
1592760348
4315780269
9451036728
8461523097
5128679034
7389520614
4907162385
0678539241
1350724869
6578402319
2831460597
8629034157
1423587906
7129603845
6184572390
8469107235
2531967480
6489201357
4792850316
2046173895
8690413527
1437068952
1928457036
6802593714
3859740621
4816729530
4976380251
0576493821
4302576891
1045768392
3429875160
1504796283
1506739428
5178936240
3528960741
7598416023
8741250369
7965183240
5329687104
6482037915
