1795803642
8752140693
9543216708
7652408913
1890265437
1702356894
3085426791
3795612048
1740528936
8710245936
0435182769
7108245963
4528137609
3962817045
5067219483
3920671485
8362091547
3064128759
0916283475
4651782390
1832796405
0132895746
2316095748
3026714859
1067239845
6042189357
2058379641
9814503627
5023487916
2146085739
6083951742
1739248605
2419607853
4723965108
0718692543
8036197425
8360271594
1465807329
0813926745
6703219458
0217354896
5697813024
9751462830
0875469312
5647389102
6389420175
2174608593
8036942175
1429873056
0723891654
8692375104
3241798560
2815306497
4273691805
3260914857
4567913028
7034251869
9318274506
0983652741
1360827954
7281695403
4968257130
5970843162
9367012548
8612043579
8135967402
4318506927
6289143057
6027391854
3619807254
5491837206
1062375948
6310789245
6925780413
7169528304
3012675849
5728691403
2937186504
9210486357
9243806571
8432016957
7503694128
6813592047
8517962430
0214536789
9342108567
6489523107
8975163042
4839065712
5802396417
6214087593
6315492870
6785204931
4057823691
4762135089
7812396504
9210564783
4837096125
1654032978
0461379285
