6294351807
0764853192
2573869140
3468915027
4328061597
0745381269
4789310265
9374680215
1342058976
7263590184
4065817239
8567234910
6105437289
8693705142
1498732506
4065978213
1349865702
9841725306
3276054819
0235618479
3107594826
5096273418
9208547316
4218537069
1029847536
1954738026
0678493215
6801723954
8134597206
3128904657
6704358912
3708294561
1768240539
4568073921
0843259176
8624135079
2714509386
5647912308
4239578016
6028915734
0429735816
9472086135
1794586320
7369280514
1385260947
4293760185
4753960218
0764819352
8410632579
7156049382
1923450876
0683254791
5064127938
6730814925
6813527409
8947105623
8930675142
6837150924
6490185372
5367812940
2315468907
9671805243
2359081647
8510796324
8405316297
7315902864
1765209384
2051438769
8407251963
1453987620
4870269135
1986527340
9841365027
5634129087
6812940753
5326487190
5637284910
5034982176
3856071429
1908576342
8625407391
3479120658
1072934568
0652318974
7839621504
0231846795
5034167298
3815296407
5976014823
5932817064
6574093128
2869035147
0352197468
2750681349
3857241960
0912354867
9546803172
9016325748
0931285764
3256190487
