0751243689
5263407198
1743829506
4567290183
9632405817
5974261083
5713904286
8265970143
7083425691
6098752413
2749365801
0871362459
4173092685
4920671538
4586329170
0913872456
9648031257
9675238104
4725038691
8264917350
7510984623
0824579316
5843169072
4280951367
1203786495
1756209834
9781320654
7593206481
9754308612
6139054728
9675832401
9786152340
6921873504
6187925430
7148536902
6275483091
6975201348
6425813970
2763148095
6745138209
5284107963
9538461207
7815326940
4591280376
2596708413
9256410783
2014698735
1095673482
8507432916
5028917346
3487569102
3864927150
2785041693
9584607123
2135780946
2843501769
7964230518
6210375948
9832561074
6824013957
2875016439
6578210493
0814297356
9531468702
0238456179
4710926853
7084523169
1689270354
4150287396
4013657892
9615827403
7952043186
4653170982
6053894217
0867253194
0698417523
7368025914
8605243179
9830572614
1025468973
3094682715
0967513428
7321509486
0546137928
4280159673
3410795268
9728605134
7964853120
9731586240
3861597042
9671830542
2895340716
2564973801
3024975681
0167329584
2317465890
9548310762
2574963801
2019634785
4952063718
