9457120683
9085467123
3215790864
2476850139
4907358612
5269148703
8952046317
6754380129
9728651430
0732681495
8354016927
2078691543
0856721493
8732509614
8374196052
3028194567
4319562078
8716932045
9318057624
6058237194
3457619280
9261483570
1764208953
9516270483
1459367028
8465193702
8439716502
3684150927
0639517842
1482563709
9437082156
0147563298
4268091735
4269058317
8403925617
1407362859
3649125870
6172038495
7062385419
7452180369
6823041759
6801459723
0428165379
6154709238
6703942158
2465938107
4980137256
3892670415
9672453810
7436102598
3645810972
3046915827
2159674038
9104586723
7590368214
3821970564
1634092578
8643507129
8231569407
6329405718
6415823097
7482316095
3085427691
7285419063
8942031765
2593870146
0368279451
1402658937
5784923160
5896210743
1305487629
7108423659
6380752941
0892513674
0641358792
5140367289
9023748615
2196350784
2746901538
1274859360
1295046378
8654179023
1397605248
0157639824
7354296081
2360419785
0836947152
7428965301
3480657921
3952041687
2094157836
3169475280
4170938625
1795046283
3458679102
1859604273
5379804612
3295681407
0698437251
8175046392
