5918207364
3974102568
1320657498
7042695831
4683071529
2496130587
2769850314
4783056129
7250963814
0943518672
3182569407
1482063597
7145629038
7194508263
6405279831
2439715068
7025468139
4615273089
1562983704
8137456920
4607982351
9217604385
6413082759
1649528307
9734062185
9147830256
8972031564
8350941627
7410592386
6519483027
8567904231
6312705849
0529417386
5398674012
0293741568
5718639420
0631274598
8149652703
8253140976
0519287346
5830976421
0263548971
5326471908
5230879641
2416389507
5137049268
6805297134
3052876914
4193678250
9148207563
7029458631
1069578243
2364087195
4985720136
7983406512
3198540276
5403976182
1678254930
3879206415
2301468975
3157628049
4013257698
8623710954
8470631295
7239506481
4871905632
1459730286
8056371249
4592361780
3869150247
6705832914
3468502791
0152637498
1034892675
1035972468
4072358169
8564931027
9584710623
8942765301
4207618539
5061438792
1085439267
5309148627
5281963047
6917032485
7384016259
5397021684
5214830976
3504816729
4582107936
3157064298
9450138672
8639145207
3610895742
1786435209
3051492678
4981052763
1385679402
8041923657
4290861375
