8193276405
8650743291
7326954810
3680514297
1068739452
0591683724
9214370865
0582346971
9462385701
7654081932
1630752894
6781053942
1870429635
4602951378
9740163825
4059176823
6312987504
3140925678
8465093127
6750192348
3625814079
0754326918
6841529370
3249718560
1268703495
3854692017
5236041987
2980736145
3071269548
1805436792
1645809237
5497180236
8196452037
6482357019
2905346817
7428693501
6087542319
8137592046
2647950381
7509128463
4913875062
0416582973
7256301849
0547268319
9805612473
0458719362
0917365248
2810934765
8539012467
0873692154
8192705436
0914836725
1846397502
5467390128
6314270589
0645193728
6379015284
1302546879
6809174532
6718435209
8036521974
1856294703
0627158394
5198247630
3185094672
4673921508
6815409723
6059473182
2470658193
4273569081
5164028973
6521793804
6489127305
7953480612
5092417368
2714583906
4952087136
8296705314
5206849137
2159307648
1023849657
9403218756
0785649213
2096358714
3576802491
6085729314
4369170852
1684059732
2074351689
3917452860
0732195684
6904152387
9876250431
1072593846
5246983017
5796240813
2407139586
7806513492
6310295748
5476012983
