9265473801
1497068523
1025374698
2543790816
6479580321
4267583091
1750926348
6481392570
6059481372
5243109867
7951043268
6325190847
9851430267
6839512047
7139860542
0795482316
8439261507
8147502963
7069351284
9854120637
6283794051
4069713528
7950834612
9428673105
2078953614
1487069253
2964081375
9536841072
9602835417
3492870615
9832415076
5830462179
7493802561
3764128509
7218436095
7932564180
7619340852
6815293074
1706952384
4860317259
3946817250
2175490836
5936241078
0548769321
5092143687
8674019523
7392180564
5982074613
7630825491
9145867230
0416523897
7234068195
6385479012
1280637945
6219570483
5620914387
6410728359
3642978015
0572963184
7140925368
3790562481
0146287935
5417032698
2834590176
2785136409
7045129368
8413625709
9285071634
2354906187
4931072568
2574093186
2719604853
2534689701
2175483609
8729053416
7094153862
7253981064
4681703259
9783052614
8295436710
6739581204
0972813654
1365298470
7953240618
0862594713
1038749625
9546712083
3519724806
3145890726
7284591036
2746318950
0542819673
2913507864
9487231506
4187069523
7261930485
5609421387
0385264917
4760182953
0398257164
