5976418023
2941085376
2651980743
8214075936
7254968310
5721386409
9802456173
6153248097
7560813429
4795812063
6309724815
6815790423
1437560928
3640258971
2170638954
2490613785
1092468375
4589702613
8579061234
9837102564
7510268943
1754629308
6739510842
2054983167
7625091384
1267950843
2378016945
1239856407
8413059627
8210369745
6271048395
4290168573
7609284513
5062814973
0978164352
3170596482
5348672901
8526490731
2847056931
3675841920
8963510247
6753428019
3675918402
0328651749
1369742058
7243895106
4827965130
2850964317
8504923671
2691403578
2654398701
4893152067
8957063124
2436059817
1742960385
8915264037
0195237864
4802976351
3594187260
9206581437
0384692157
9350482716
1952603748
7692850413
4621730985
6925038174
3976048125
7296083514
0875143692
0754286193
8925460173
2146798053
9640381752
3195074862
7652349801
1406827953
2749351068
9783541602
7206583491
5729460138
0189423675
4038927561
0472816359
6903845172
6475890231
2680431795
1846527930
0231574698
7502349816
9482065173
4017382659
1470892635
5231689407
2940761853
9687153204
4701862359
0246783519
2817694350
0916758432
3049216578
