8079362514
4623589017
0261594378
1985360724
8421093576
7021653849
7492058316
6835471209
6258903174
1264038579
4875306291
3641507298
4815690327
7860415923
1490685723
1486253790
6578419302
3509246718
6801425793
7648230591
4275310698
0693487521
1453768209
4209587361
3096514287
2864917053
7640359281
9158037624
5482710396
4098127356
3124876059
4892537106
9046372158
1876390452
0143925786
7340865219
7809642135
5813490627
9278610345
5964708132
7356841092
2140367589
2501948367
7401963258
5874396120
1560427839
1934025687
2901458367
7154230968
6194370285
9643782105
7185930264
8203159764
7450163982
0123674958
7418650932
2906748135
2036875194
6024581973
3457810629
0215968347
3670148925
5317406829
5908143276
5624013987
9340281567
1320496587
8709453261
4761832590
0381276945
5460239178
4025176389
1392650874
6823970145
0752346891
7839164025
3562947108
7156283904
7312849065
4165298307
4832961507
1325068794
5836712904
9657304182
5892037416
0582143976
9641237085
8345920761
0139852764
3670149825
4073296158
8431709526
9302476518
0486592173
9834625071
4328091576
7630894152
5369102784
8519376204
1036478925
