7089153624
4260398571
7243589061
6713509824
8149726053
1925807346
6935102748
8129450736
2674305918
6120859473
1942857630
7534018962
0172589643
2730495861
3601584927
5942037816
2579341068
1782036945
1865709234
4681375092
9874215360
0156378249
5103276984
3841092657
3490152786
1658294703
4678219053
6592184073
4701835269
0734285196
0869217453
3061785924
5403718962
5670429318
4809735216
4803629157
7349586012
4109863725
2691048375
3168254079
0891436725
1048596327
0972516348
5017438269
2436918075
9254781360
0723198456
6852307149
1967320845
6572341809
2167084935
6708593214
8517369024
7628130945
7623094851
2605378941
6372854901
1204695387
0175326849
4589721360
9680471352
7614509328
5690317482
5973821460
5371642089
5274160983
4867215039
1920647853
3582670941
3584197026
7153680924
6724319508
7539861240
2709568413
8609542317
3804152679
3459172860
8293754106
0718394265
7680592413
5429680371
8597610432
8367092514
7851240639
9368120754
5902368741
6203918754
9567041328
8917340265
0482756931
6749102538
1683972405
4087569312
1485729036
9127648503
9068472513
9204561873
4375918620
3249851670
5796832041
