1684750239
2513874096
0138972645
1435296807
1958073246
7253094861
6230891547
0897364152
8590364712
9471603582
0925437186
6914285730
9124578306
7532048169
4152386907
1857602934
1409765283
7954231068
4182057936
1385947620
1567293804
7203954168
5260319748
4689705312
6319408257
8053169472
7319462580
8692715403
9467325810
1647302958
3279045681
5481067239
8941762503
1725640983
2567190384
9618403527
0458936721
9046721835
4976023815
8109346527
3079415862
7193584026
3057186492
2795681340
7094621358
5329781406
6318275409
5839217064
3048591726
7925041683
0685123974
0659143728
5428036179
3687109425
2613597840
9840235617
7298604153
6790214538
1402975836
0731568942
6780159234
5718493620
7469123508
0485267193
5298401367
4385120976
1065984732
7453962081
3029768451
5214739086
5074296138
4197028653
5349172086
7935210486
2635908174
1624579308
1098536724
3945062817
7034128965
8379254061
6413802795
6734821590
4083761925
6148320759
4926135708
5302198647
5916308274
7458109236
0519438267
9018463257
6581237049
0594132687
4738290651
5136890742
6290481735
2430897561
1875249603
3469208751
1405839726
4809361572
