8376195024
5692410738
2048165739
4981736052
7436981250
5817306942
7436089512
1409236578
7194032586
1690843572
8173094256
6928174053
7285130469
4379106852
4709286531
6095271348
4987630521
1246537908
7019268543
3420619857
5291803476
6208493571
4615203987
8013694572
9614235087
5139620748
3097185264
4895712063
7384901526
6521903748
1523789046
9352806417
4128597306
2985603147
6483790251
7605891243
0584632791
1670528934
0682341957
8235796410
7041526893
8306572419
2738160954
6139042857
6208451937
6874351029
1850296374
7962013845
6279035814
7913586240
2971430856
9281046537
0486312597
0596342718
9164857203
6718395204
2106374895
2410685937
6270489135
4805132697
1048753629
5672903481
7523098641
1453689720
4869307152
8260139475
8743906215
5194628307
4109268735
4360952871
5938140627
4751062839
9685021437
3458126097
1097623548
2893045617
2819356047
8352706419
4803562179
6059714832
3596704812
6297301458
2045673819
2157903864
5843760291
8274065931
3480762159
1624035987
4628590317
9460587231
5304617928
5906428713
2073481569
1590742863
4573689021
7685093241
9708265431
7962053841
9506172348
9175280364
