9725146380
8631942705
7549862301
2193806475
6325940781
4083192675
9450682371
1580396724
5017382946
8964012735
7645238109
4067832591
7620581349
8740193265
0862371594
5137409826
8570341269
1759264308
0752491638
1905248736
2479106853
3690574821
9278453061
0318759264
2753689401
1264593807
5378291604
2138456907
4052768139
2016984753
2397461508
9752813460
5019462738
8372614590
2960138754
9534876120
2397180654
6493712580
1972634085
6584920713
0943175268
7382561049
1083276549
6489527013
6510492387
3948271650
4167958230
0159386247
1234059678
1093862457
7432189560
3814976052
9581674023
9240761538
8693412075
2389506174
7420361859
7561934082
2369485107
9560417328
0716358429
3167495802
9257086431
8461903572
8052941673
8042791365
5089643271
0498751326
4617903285
5287301964
8532047619
4206195387
8759406123
2703145986
0689452371
7234905186
7041325968
2918735604
9864310257
1693807524
5473628190
5431078962
9061273458
9847032156
7469813520
7695134208
6412953870
5847920361
9174538260
6759234801
2398645170
0529317486
4561703928
1578360924
4609173258
2386479150
4751098326
1895234076
1780249536
1739058624
