0426371985
7384152690
7451893062
4635072189
5417936802
0286154793
2840357691
1930268754
3210468597
1304865297
9360457182
7851046239
7096542813
3714620598
0986325147
1569743082
0412968735
8296473015
2608351794
3518497026
7096314285
1293876054
6250987314
5312679480
6480159327
1326054789
0936745182
4532861079
8053149762
3765281904
5463781920
6283954710
7568401932
8710496523
6235081974
1469807532
4853269701
6143508972
3207894651
8314956027
6584172309
5082179364
5704361289
9586120743
4865297310
6482139057
4378906521
8370291645
0974826351
2341780596
0538924671
3128907456
6297130854
0538746219
2359176408
9026754318
6309574812
8175934620
9731840562
0823547961
5013894762
7013652948
3198240765
4613780952
0274358169
2107893456
8102569473
9320861475
1608324597
8304569712
1478326905
3196527804
6329514087
0138562947
9425683710
8061435792
7140635298
6287501439
1235097468
6935842107
8251376904
6432978051
0543876129
4805132697
5019468732
8196327405
0924738615
8417235690
7895642013
8097312465
5789104263
6935470182
8716490235
3841506792
3524608791
1586730924
6307198254
8051329476
5206948317
9876501423
