7263058149
6281540937
7983641502
5841632079
6540329781
7108649352
2513694780
6208147953
9087146325
0184927653
3205914876
0419536782
1694528730
4076325981
2504819736
1875469023
0867219345
9570168324
9465172038
3640781592
5390468217
7305469128
7543218609
4380725619
0279635814
0176534982
9735160482
7954283061
3284759106
8491570632
1435792608
6529137408
6205793841
7280493156
1432759680
1459802376
8396025147
9207638541
3869420715
3894756210
2391467058
3014567829
3064197285
6379058412
2506813749
1564382097
5827346091
6973801452
8025416793
7813920654
6492837501
9704815236
4382910756
9732508164
8932715460
1425896730
4813967025
0639475218
0348659721
0823641597
0673925814
6015784932
2319876540
1398506472
7439586012
9783621045
4761859203
6215978304
3761948025
8736210495
6207584913
5697214803
7842563901
0672984531
1689037245
5238760419
0689347152
9031425678
3091856742
2089417653
1498560723
6021487593
6341928057
7295164038
9681023574
7316408295
3908742165
4596328071
5817930264
3281549760
8073469215
4087513692
0741835296
8516297034
3982470156
0941573862
0956184732
3192078654
2809145637
4176905832
