1905467283
0139624875
3147620958
9152683704
0235894167
5932170864
1856340972
3681204957
9584602317
0523987641
9037412685
2761543089
9230854671
6974235801
9401768523
7068392145
4629157803
3461208579
5739084612
0912746385
1703845962
0948716352
9438716520
3615978240
3574901268
2495130786
0526391847
0236915748
2564897013
4936105287
5862340179
9576302418
1286395074
9574238610
8423109675
8936045127
6482150793
6532178940
4612895703
8246510973
8195360274
6987530241
8475623910
6985310742
5326789104
5764893120
3021846597
5743801269
0835146729
2650891437
7451823609
7826945013
4851930267
3765801249
0134275698
7204358196
0986157243
6042793581
9148275630
4853197260
3108249657
4560132798
1069825743
4082159367
1345207689
9241305786
4317609852
5698471032
7401936285
7192438506
2986103574
4362590178
0392845176
6274093518
9520341876
3816795024
1548967032
5102679834
9128567304
0184573629
6421859073
0384516927
5386129407
7985613240
6719438205
1478926530
8134976502
6748130259
8209134756
4317526980
0362578419
1756803492
8325791406
7913426580
8132046759
6938512407
8295634170
3427615890
5190264873
5841920376
