6123578490
7410592368
6589217403
3582974601
3152987046
0425683179
7926583014
4091673258
9517864302
0824539761
7085193642
2358740619
8349675021
2963017584
7356409128
9712308456
7859316024
7461982350
2763981504
9280574361
0268135974
7081453269
7934860521
8507243961
9246780513
5197023684
6512709483
0892651473
5706392184
6120784359
3049127658
4395271680
9387621045
7862143095
3519246780
2196387405
9326107584
2190854673
0948217536
4786520139
5786423901
1623079584
6714095328
0912658473
0169538247
1976384052
4367150829
9234678150
9421735068
3064752891
9786152430
5310742896
7501298364
6491752038
3607982154
2953841706
5902836741
4165893720
6845192037
8790345261
6309412758
8197602534
3542870169
5139084276
0986241573
9172630845
9721385460
1695782043
2509843167
8605173924
2681704395
0921473568
1597236480
4376082519
4379026185
3048912567
3401829675
0857213649
5763120984
7341268950
7150342968
0748319562
4186290357
6052189374
7159643028
0531798246
0738619542
6539082174
4132957680
1502739468
1483729056
2497568301
9385726104
8634257091
0584367219
2540819763
6108753924
6037981542
5601894732
1549672380
