8675214903
9712580436
8074926513
7036124598
2940813756
5492837016
2501784369
8306129475
1875930624
2678043951
7498562031
9372081465
2810534976
4701382956
0863971542
5804126973
3594160287
9213750864
5239481670
6024518973
1890325476
7385942016
8249106357
3965407281
6321857940
6820319754
5062473819
3524961870
6204971835
6587439120
1205763849
8762054391
2189574603
4057938216
1693074825
3784256109
5620917348
7651924083
2301847695
3674581920
1723546809
1385462907
6178425093
8254061379
5216348790
7820163945
4517389602
9168027453
9624017538
3704581692
2973840561
2493678051
5018496723
9381250674
8549270631
4619375208
7150923468
2984375160
5180269374
4910637825
1879645023
1869370254
7064198523
8517203946
0721836954
8541062973
0872531694
3491682507
8749052631
9231768540
1582063497
8591067423
3268547901
2159870634
9086253471
3570184269
1628507934
5703264189
5417268390
7146025893
1962543870
6805329174
9461382057
3857190642
3896174025
7083159462
3459271608
2403597861
5281607394
0576832914
3745298610
4021938675
8057163492
7129834560
0123594678
9253184067
6792518340
6218359407
3071529684
2013674958
