9231547860
9264087153
2614530879
6083291547
8162095473
3064178529
2806943751
7632945810
9483706152
6718932540
7801926354
2360897541
2341576890
7920413568
9047352816
7901825643
6324705198
7453208961
5836091724
4701965238
2570931468
8357912460
8092763145
9714506328
6315087294
0832514769
0385264719
3026174895
7864231509
9706342851
6014589273
9382517046
6973028145
6354921078
3748105962
1857304926
6134275890
0328974615
2310598467
0134692785
7629814350
2459631078
8571239640
5836970412
7806942315
0896432517
5792486103
8572463109
2850136947
2735408961
7694180532
0835927461
2041653978
8236594710
2763480159
0128597634
6870354192
1790638245
5026713894
1084392756
5867321409
3852906714
1593406872
1037254689
3270918465
3690142785
8705294163
7196243805
3456809721
1374602859
3978041265
6934215780
8609215473
8629547031
5981360742
8369157420
0974185236
0587691342
3792061458
5068134729
6807125394
5879641203
8379164205
5308916472
5793186240
5816209473
9503128476
5304192867
4078362159
6024578139
1542938760
6457130892
7346295801
6578910423
2601845379
2503187496
0537681429
2374658019
8254361970
5263910478
