2078439615
5610329784
8275394601
7965023814
4628913057
5972340681
4095861372
3487025691
5793064218
6130592847
9483270615
8219657403
7962831054
3652049781
6037912458
1328674905
9350281476
5984302716
2536794180
6748321059
1623078549
6014285739
2015496738
2497530186
7890651423
6094712583
9460378512
1372956408
2458690713
6780319245
2345018976
6980413275
8762154093
5397402861
0451978632
0124768539
2653719840
7651289034
7138604952
9615740283
0965347821
7083612945
4856213790
5184903276
1923068475
4739860125
2097653814
4765389021
8025697314
4150796832
4103825769
4015398267
4036782519
2345876910
6983740152
2784901536
7105684923
6471295803
2057918346
3209871645
2543987610
2390157864
3794120658
7328194065
2895046317
3410579826
6901325847
8740316295
5189672430
1746029385
0638245719
4862305719
4973605281
3602598471
4358126097
0218763459
0213675489
2618370594
3084792156
1245637098
6431087259
8015329467
5204869731
6429705831
2543768019
8403196752
7683541290
2613804975
9037658214
6493712805
5610273984
0548912367
4258306917
3987614250
7098421356
7165249380
3680721954
0798326514
9035217648
5601743829
