5874196023
2490731586
4187360592
6857431029
0128976543
0865437219
0312548976
3704695821
0361954782
8619740325
0795346812
1493268705
8023576149
3819567204
8573462910
2357869104
6089527341
6518940372
9867410253
9480725631
3467520198
3829710654
8237156409
6592804371
2465719803
6035492718
6983547012
0254631879
1546907823
0249568731
3401285976
7359610482
9235410768
3689524710
5702134896
1852790463
5306871942
3702694851
2031586974
6254071938
9174356820
7948560132
0124539678
7356281940
2647538910
6304219587
8079125436
8930764152
1092783654
4390568712
6308147952
7630298451
3812756904
3845906172
9587043621
5193047682
5168370249
5860312497
5439761208
1278543690
0695738214
0869741235
3645798102
9368057412
8601245739
5247903618
7846153902
9578642301
6847512390
3798651204
5897624103
7425308961
3827154690
8059362174
4586130279
3950218467
0734185296
5384691270
1793240658
4023786195
9346512078
7310294586
0654139278
0279318465
5628104379
4526318709
9047158326
7214085639
1260374985
0651493782
0958246317
7256439810
0214875693
7098235641
8315204796
5728104369
2936740518
9503274168
6597028431
7026195483
