9760524183
2940537681
8765314902
8194753602
0724965138
9854276130
9801742635
6289015374
3589712640
7965341028
4762180359
2945638710
7461803952
6879305421
9583426071
1089274365
6452703198
6487590123
1983407256
2935814760
1403697852
4017836259
1438092576
9261085374
5019324867
3765981024
6051423798
2816079354
0597846132
8594127603
5417628390
8573914602
9862743510
9401562783
3941056782
6048159732
6359124807
6375089142
6391758024
9825603714
6340927851
7846092513
8495172036
9051634278
3206745198
2578643190
5193480267
1306974825
1786095234
9458361072
1209847365
4790536128
1780469352
9473826510
0576394281
2964730851
5473091682
7832104956
1906853274
7543968210
6342750918
2508134697
7843695120
0568179324
2639054817
9675421038
1928034756
6295870134
9134807265
5649102873
8156732094
3219856704
0213685974
5168207394
4173298605
3964718205
9182650374
2489730615
4367012859
4257160839
3271845096
2384719605
4703195862
9302456187
1375694082
4937580261
5470182369
6284913750
0295713468
9086725143
4295367108
7618350942
3124675908
2913476085
7329645801
7061954328
7850326491
2360541879
8237540916
3421687059
