1096752483
9582130746
8032461759
9740861253
4357086129
1953726408
1078946523
5379108624
6927035418
9165407382
6987250413
9608752341
0867143259
4582673019
4960258137
6807129435
5092761483
4850271693
9136207845
9752068413
7249810653
7620319854
0153874269
3718264059
1273496058
2480736591
7249816350
2904786315
3569071428
4859602173
1846273950
4135690728
9147658230
7263954018
0389246175
9408362751
4062719385
0381549627
0286947531
2508936471
1453098726
9620735481
8632097145
4501286937
1538946207
5046197832
2136584079
6180459237
7601283495
1863409275
0492758361
1392057684
7694152308
4352671890
9076351284
7094312568
6019384257
6845023791
6437908215
4673189052
3586041972
8975203461
0943851762
9236180475
3098176524
5786342910
2846013795
4729153068
3726458091
5703294186
3287961540
9215067843
1946572038
8172906543
0218594376
3852074916
9567830124
3851409627
2476519830
8571390624
0691754832
3264180597
6813207954
9134286750
8962345701
1508274963
5702983461
6158397240
2857314960
6712983540
7238156049
5437819026
0258479631
6893254701
6935280147
5247910638
8061437529
9608251374
1036294785
0947236185
