5180374629
3067518942
9856312470
4168370295
7965410328
0673452918
3265709481
2470519836
3891064725
9036274518
8325791640
2398657104
1304562978
7048253916
3691452087
1037289465
8072531496
9054318267
8967052143
3461572089
8063157924
1568274903
6920157834
9816372540
7351862094
9561278043
9648751302
4967520381
5024167839
7240519863
4863720519
0471623895
1768945023
0972168543
0918327546
5793124086
3682745910
3682109457
2359140768
4109387625
1490356827
6154820937
2543108976
3980527614
7631295048
9608723154
0352179486
6389017245
8325460179
8361402597
1684972053
4680731295
3586107294
1607294358
8961047325
7091523648
7860395124
4957803261
5167230489
8259740361
3952708146
3196475820
2871946503
1897064325
6180932574
0583247961
7916584203
1730964852
3259417860
9032768415
8547902613
0652483719
3720645198
5379840162
5847106239
0762385491
4673052891
1782496305
0271364598
5381694702
1230574896
8075241369
2608375941
5291430786
7843905612
1649235708
0517826439
3890516427
7056819243
1260375849
2873169054
4215876093
3541702689
4862397501
3526409781
5829437016
5836912470
1720836495
0672149583
3472569018
