8752431096
9037842561
6248079315
2658134790
2587936014
3187245960
5986701432
3508791246
7945160823
9476258301
2308479651
1386057249
4160892735
8294716503
6590473281
6084395127
6940273581
7294153068
7025136849
4279815063
7529086413
6539802741
7415289603
7426593801
4879531026
4702531689
7096528341
7514023968
8256397104
3987510426
9647283150
5931027486
3597086412
0946875132
8906354721
9653128074
2569147083
5321046987
6528791430
4276513098
9031564728
0973826415
5906873214
5864271390
5328701694
7361048259
7065912384
8102594763
8453697210
7925601384
3948160752
6958103724
0472651893
5137920864
7042918653
3756908412
2410753698
2653148097
7329158064
7208954136
9562418703
9276583014
1328497650
8502973164
9408351762
6985230147
0125846937
5746913082
1985427306
2531786409
3802645179
0523476819
2457109836
3270864915
0362459187
5830491267
6213587904
1934758206
3748291506
1403876592
8701295463
0748156923
8042195367
3975486201
9801327456
5134976082
7396842150
2139587406
2504167389
5103972468
2079168534
8012546793
5602197483
3276405189
5476092318
2975016483
5293607418
6347201598
8751296430
2086934175
