1703586924
0623487915
1907384526
4126793580
8479625103
8915730246
6854297103
6318405927
3689501472
0764951238
1065394782
1084695273
0327591648
2491580367
7048536921
1584390672
0981352476
2195487306
7036892154
4537862901
7942863105
1583904627
2640578913
5861904327
6813497205
0125963847
8510296347
8795461023
3248071659
8130269574
1324798650
2954736108
8016254397
4019752368
7019358426
6250874931
7215348690
9463175280
3250718469
1403582967
8063279451
9738615042
8475936102
0472918536
2854390167
7230614958
1257803649
4591780326
6340257189
6832047951
5871062493
6108495723
7685294301
9260531748
5436972108
2490716385
0263579841
0569134728
5801964372
5643807192
3402869175
5736208491
8754619230
8405793261
9423165078
6325079814
3981054726
1658409732
3159460728
5230476819
5389120476
1302849765
7150842639
6035718492
9736428051
9256108734
3491058267
6784309152
1748035296
5129468073
2796153048
0978412653
9423850167
7328546091
0168729435
1784965320
1734082569
1625798043
6739412508
8497605132
9365804271
9082736154
2149356870
3956287014
5743681092
5312690784
8631902547
8624019537
1573869042
8425903671
