6790215384
0546829731
2897153064
5760193824
4873605291
7182036945
0946715238
4532976081
7936810245
2098437165
5307812469
3690514278
9804526371
0179324856
2610348975
7840135692
3217546089
3982457016
6359208174
7425108936
1783546029
9601852374
5401297863
7203915468
7305294168
7190286453
3879150264
6298571043
6837049521
0981265743
1385742069
2438691750
7062485193
1579430682
2973514086
2563941708
3527604819
7412985063
3972654108
6193570482
1876943520
1203456978
4710658329
7508963142
4829576130
7806251439
9107246853
3019764258
7108694523
5609187324
1970653842
5234981076
6827043951
7065839421
7239516840
6985201347
1208345697
7592814306
2713896405
5317248690
9472153086
6285074913
7391502468
0853791642
4763592108
2609153478
5647290381
0968745321
9750123864
6172403859
0631529847
0496832157
4712389650
1639587240
9863502471
8937051624
1873259046
8017235964
5496832107
2975860413
4850762319
4802167359
5730289641
1903524786
5081629347
1329460875
9721605843
0367518492
3492706158
3427159680
9814325067
6520183749
6435907182
9523406718
6254037819
4793185620
5468719032
6450178932
3145760298
9238470156
