0791632548
9082137654
3176580249
1738594206
3640185972
0291873564
4315069728
2941387560
5817924063
5679102438
2610349758
2910573846
9108364257
2716035894
0832974561
1398472650
5183279406
6890537214
3167084259
3178250694
1547638290
8057416239
5398476012
5031784296
8570631429
8410675392
5241307698
4087621593
2980315764
8375609142
1058942763
2947036851
0963721854
9061738245
4356829170
6072183495
8362504197
8517903246
9728345106
6074932185
5873460291
4520371689
2401736958
9520478361
3576241098
4906213758
7930854126
6831524709
6907834152
9328407651
9785261034
9028634517
1824957036
4791358206
9317205684
8410695237
6197328504
4310782695
0721583469
4357810962
5430921678
1493625087
3497210586
8601793542
8742196305
9368251704
9572681340
2063157498
0246319857
4760198523
0548276391
7235016948
8523146907
9672840351
3109582674
4291680375
6142835970
8163057429
8062491537
1948250736
1087569423
2738964150
2041593687
8407513269
6298714530
4709683512
8024653917
6914508732
6048127953
4789231605
3295076841
3924056178
1497250683
4370812659
8046137952
1762048593
1052694387
3589462071
3270418596
6485371209
