8469235170
8967450312
2153607849
9725436801
5073896124
9873516042
9482157306
6857249130
9072456831
1926875034
0389124765
8756429130
9743058216
6058392174
4617985302
7960541832
0531249876
4260837591
9807512463
6158497302
9837265014
8956023417
2301748659
3417260589
9034218765
9384072156
2531089476
9732416805
6092573184
9520678314
7921560483
5436821790
3204159876
4391086527
9408657321
8369741520
3489257106
1354087629
2685041937
6150428973
1039827654
2106754389
6823750194
5108736429
7029486513
6250947831
5420168397
5837620941
6194078253
2087694153
7954681320
8491720365
4815207963
1257368904
5362479081
2761038459
4273851069
2741358906
2893461705
1970456382
3657941082
5471829360
2079315846
7432015869
5143980762
1586927304
3524691807
0753216948
2435096178
4601928753
4715609832
2805731694
2137648905
0918735264
7564283910
8104697253
4632750891
0781539426
8432795610
2865047319
5971260384
9836014572
3017954628
6745389102
8349657021
0143697582
4761059283
5908326147
6190825347
0478563192
6480923175
3170456298
9643857120
8465710293
6371459820
9570364821
9417823056
2975608314
1560724839
6950278134
