7430825691
6820497351
7243869105
4670329851
0529468317
6108972354
5208196473
6470891325
0437815926
2135640978
0648195723
3052764198
0924875361
8320654791
3071692458
6957214830
1854276390
7234605819
1583029674
8692051743
2643059178
2908734651
2349586107
2598130746
2061495837
2583406791
6423910857
0357968241
8124093576
8054231769
2854037691
9485216703
9125470638
9521073864
4269537018
6257081394
8532749601
1965837240
2361097485
0489215376
2479801356
5960782413
7840653192
5160832749
1865207934
3160259478
9483715026
8256413970
7950182634
4375096812
9807423651
3409782516
3251984760
1940573682
0195478632
2570169384
7308265194
0964528371
9863740125
8351740296
7301268495
9341826705
6840193275
3901465827
9843015762
3208417695
0423685179
2739051684
7034915628
7460359821
3790641852
6219578403
9805421367
8573924610
0182346795
0462579183
3564709281
7246958013
2461359708
5783069142
6728450139
2750983614
1309628574
9568124073
4761908235
6023418579
4013267589
3702968154
9316074582
2046735891
9084523671
4027381956
0653491872
1958704623
5741286903
1938756402
7084329516
8031725649
2546873109
9805761234
