7610348259
0532791684
2741968053
9328756410
5837492106
6751892043
4192085673
2840751639
3817095246
6854019237
6078925314
2591847630
2160458379
1045789263
3781429056
2741560938
8163549270
4698752301
6574902138
3685021497
6507842391
4029675381
2918054673
8921306574
4136852709
3620857149
5183706249
3841907265
7591364820
5318024697
6580243179
3680924571
1689374520
9546078132
7986145032
1570263498
8205463719
5076432189
0354982167
7149350268
3758062149
2569410387
8057163429
9201638457
6829730451
4368951720
8093456271
7965321840
1376294850
1065372948
6801437529
1697483250
1706485239
3617089524
2178305946
1794530682
3610758294
3059642781
9437160528
8451260739
0247689135
7698132450
0215943876
8602549137
7214396850
7418920356
9253067841
1034758269
2074315698
7513420896
8730519246
0327418659
7065312984
7192608354
9804315627
8094627135
9052348617
6437509281
2084563719
3479081652
2094361857
3865274910
7380546291
7109542638
6523479108
1456789302
2570683914
3207865941
2740561983
2067354891
2938547016
9421678305
5806219347
4760298135
8974132650
9426758301
5893462170
8674135029
1973820564
0346829715
