2648370195
7190825643
2915867430
4023158769
4028613759
9084536217
4562903817
7439586201
0385421976
3457980261
9053486271
2850169473
4237065981
0936412875
3872564109
0639457281
4567390812
7925634108
6853049271
3158746209
9136742085
2653879140
8316274095
2095861473
4896301752
3280149657
4709268135
4950176382
7314956280
0312874596
3645271098
2673190548
6827940315
7836029541
9540723618
4390825617
0267913485
7892615430
8271435906
7810425936
8012653794
8763194025
0296354187
6057831294
9731524608
0961724853
1027843695
5426089713
7623485019
3257801946
1026534798
8412693570
1839265407
1630475892
0123654879
4723916085
2145839067
7148293506
5047182693
3152869074
2876349501
0872356941
7286135940
1358076249
1502496783
6950231874
8670254139
1974230586
5148629730
8529107463
3974256108
8906513247
5329046187
2691843750
5923476810
1582340697
8351902746
1436827950
2837946501
5143068279
6154793082
9213680745
7906325814
9276453018
8760495231
4793612058
4930287561
4872509361
9371260458
7948230156
6092385471
3956812704
2865730491
5847619032
3541720896
1402376589
9457310286
3875260491
4391520678
9704832615
