6245098713
8712045639
2074563189
7365018942
0369172548
4956231078
6539182470
6591207348
6829075341
4328951067
2403916578
0791648253
4538271906
3852947160
7839214506
2946305178
3654812079
7083294561
6978042153
5068394271
7058692431
8216934750
7816925043
8601935724
3704291856
1430962857
9578120463
6279035814
9432507168
8713602549
0713982654
3169284705
3165042879
1928473056
5617280493
6830457291
3029586471
3268479150
1563729048
4783015629
8706253914
8347190652
2084537961
1604278593
6239718405
0238961745
5796208431
6129854037
6785032941
2938504176
5392860174
7036592481
6491273580
8425739016
6035214879
0819273456
7865093241
4780296513
0421693758
8164392075
1765283094
0613745928
3692710485
2716948053
3452109786
0298435716
5732609841
1375069428
1570926438
7836412509
9872635401
9140768325
8436527019
9457813026
1483960257
2417360895
9384261057
8723604195
1593672084
2319064758
9857432160
7386120459
9130465287
7264905183
0294816753
8412603597
5349278061
8041936725
4987602531
1790563248
1863502749
4708139256
6932415870
2964180735
8657094231
0421689537
0792351648
0461538729
9723064815
6931548270
