1839065724
8361540729
9572046183
5726908431
2869570341
5124937680
9826517430
2457381096
1897452630
9543206718
5302798416
0761824539
5067291348
9610857234
5746193208
3269058174
8025341796
5790483126
3859670142
8512903746
3825419706
0578462931
8460135927
6041792835
0647823591
5013674298
6712948305
8627304915
5021493867
2904186735
2854910367
0248965713
0938512746
4709635128
9312807546
7923510864
0956173842
5794218036
2783159046
5384906172
1837562490
1542360789
1785243069
7486039521
4927810356
2691084735
4109723586
7562930418
4580613792
5203986147
3682597410
2981670435
9740256138
6941028537
6257418390
5609473821
3684721950
5926714803
7018293564
2641035879
1628745039
5806927134
1762085943
9624170853
1426359870
4917528063
9368105472
6035712498
5406728391
1529038764
5437802916
0583612749
7281953406
5746820391
6950283741
7908524631
2805439617
4398706152
5720681349
2063784159
7524301896
6507984321
9185630274
2174305896
9718650234
3278096415
3162540789
0831965742
5429083167
2746389015
9648107523
8421356970
9738620541
6917502843
2806917345
1598726034
4398056271
7169340825
7598201463
9167408523
