2179658430
8029473516
3189426057
8231657490
7316402958
6321947508
3912058746
0175643982
2048719653
3520697841
3518720694
4025987631
7216348509
3157829406
4573290861
1605489732
4167085923
2351067849
0846592317
0184736925
5241980763
8342560971
4512097386
6820719435
1725803469
1536208794
5682947130
5239108467
2785961304
2941605783
2567139408
8614920753
9518274306
8610293475
3514870962
9308176542
7286901345
9031724856
0369851427
7560423189
4562397810
8632417950
6801253974
4358192706
9046387512
7921503468
3698270154
2084976315
5948176023
0679851234
9235864170
2816507349
2530674198
8142096357
5609381274
7415293608
9203578461
1798406253
3920751846
9381420675
7063491285
6789320415
3924850176
6750843921
2834517690
3185260974
4637512809
7369240851
9832461075
4913827056
6173829045
2187903564
3708514269
3098245617
0543721986
4931586720
9150263487
8342169507
1894635720
1246907385
8152643097
7256809143
3169047528
0243795186
2637401598
0432195876
2731489560
7593126048
1842093567
2346789051
1682943750
0475913268
1046578293
7415962803
4608319257
0974582136
0139584276
2845739106
1796248035
7963250418
