8062715943
0965348271
4265139870
6590478123
2349517086
1754320968
1374285960
5427039618
0351746892
1280735964
9875142603
5468720931
5864213907
0456981273
5612894037
8726501394
8063124975
9241560783
5918430267
6072539814
2561987430
5120749683
6295473081
1805934726
7418659032
2187564039
1850936247
4596183027
4908712536
6954807123
4381096527
7408263915
8045326197
1867423590
3812607945
5172940836
5174308926
6523819470
6593408721
0463271985
1906438275
4762518903
9658734012
5493102768
8451673290
5928471063
0143687259
5976402381
3651072498
5367482901
7659843210
3627051948
4281735960
1809672453
2174590638
0832741965
8562190734
3921504876
9023671584
9574201638
4703289651
0126547938
1873469205
7410635298
7029413568
9013752648
7834516290
2871649305
3745620189
4962708351
1752069843
4306751289
3867102459
8037194652
8462953017
8360947251
8370265491
9456310782
0421783569
2568471930
1837906254
8763290514
7460823159
7628903154
4568910372
7916524038
2847065139
0823619457
3914672058
9761280543
6139257840
3501467892
9564018372
2143675980
8109562743
9823047651
4672195830
9135784260
2470516839
7846251093
