2096178534
5043162897
4819637025
6325894710
5389712406
4502876193
3865407291
3962854701
2841795603
5632140879
2904516387
7529431806
6830459127
8127539064
3268591074
8163752094
7349068521
5310976428
9652871043
0762954183
1359827640
9705632481
6749083521
7231956408
2150798463
9627130845
0672138549
2341069785
8475026931
3762049851
3019824765
5430891627
1347695802
8971405623
6971325408
5743821690
3719825064
1706234589
0865941237
5803917642
0891435276
9287034615
6709453812
5427308196
2407359186
9453172860
0172468395
7089653214
5261978304
0867425391
4710258693
5837240961
2596780431
4189527306
9124758630
5279034186
1625904783
2045879631
4901368527
6319507248
0736985214
4968710235
2678034591
3967802541
6098254173
1369582047
6481732590
0896352714
4976351028
5826913740
0943671825
4918072635
6918205473
9261435780
3780562149
8645291730
7314208695
5039284167
8190726453
3719480265
7450192638
0142596738
0986413572
6530978124
4591862703
6130584297
9036241875
4683721950
1387549260
4658107923
0856347219
0945376812
5347180269
3952087164
9301546827
4089167235
0783924165
6253194087
7340915862
8067451239
