9481276035
2380946157
9670825431
0264981753
9415803627
8094567123
3964180275
1563802974
8365741290
9058432617
8940273156
6743982051
7130965284
4673910582
0679813452
6908413725
0573194286
1089523476
5743809162
4956081732
2815497603
3782960154
5746203981
1867420935
8507612934
9014567283
0937425816
1079826453
9750324168
2576089314
9284017356
8361752940
8523169407
0157496823
6945082731
5127489306
2659140387
4157083296
2810967534
4258031796
1623809574
2946853170
0892734561
3416528097
4213970856
8431627095
1840367529
2536140789
2693814075
9845216073
3678154029
6023918745
7183296504
1048635297
9456127380
2765849103
5831924670
2871405396
4791326805
9420713658
0596834127
4629053781
9560247381
6273148590
7923065148
2056341879
5197860234
9073152468
1725036984
3810497625
1398064572
8369027451
8214053769
7195280643
9504162873
5023189764
7824306195
2584960173
7850321496
0958236714
6951438270
1762085943
0517284369
1348029576
3526874109
3716520894
4801769235
3987416502
3029157684
2139086547
5871264309
5931860724
2601359874
1056982473
8041976325
7230589164
5807612394
0579421638
0549738261
0268971453
