1406597328
2610579483
1935720684
4976305128
0917568324
1023468795
9851063247
3961702845
9037862145
3140289765
3825619470
0216459387
6985430127
7093265148
5946710382
4195783026
2408563719
2398174650
1743826509
7129458306
7604359182
4068359271
3125790486
1705342986
1960253478
4530281976
8215439076
8532916074
0824567319
3147896250
3178502649
1654397082
9087245361
4163587902
4693721058
5380749261
5840132697
8467592130
5098473216
6413028975
0517834629
9365871402
2965317840
0364972158
7209168435
7568091324
3905168427
2301649875
2714395806
9087216534
0769824315
0349826517
1876402359
1945387206
3706524189
6018759324
8796305421
2845793610
2785649130
1489270653
3128790546
5901784632
0689714352
6248537910
2130698547
8917235046
6931247058
7380294561
8092315764
4938207615
5412739608
8190347256
4892513076
1025438697
8265179034
9078632514
8215936740
8436179025
5842903167
3296475801
0237549168
6053491872
9265841307
7694532180
3560187492
5248906731
2531946087
0594176823
3172658490
3926710548
1450279386
4093658217
3249150876
7326401985
3218459670
0627593481
2914063587
0821564793
9071482563
5904738126
